-5.955846404999999777e+01
-5.942917632999999711e+01
-6.004829406999999719e+01
-6.002231978999999740e+01
-6.000550841999999818e+01
-5.998106383999999736e+01
-6.082416534000000041e+01
-6.042333220999999810e+01
-6.054846572999999665e+01
-6.094953155999999694e+01
-6.015386963000000264e+01
-6.047272110000000112e+01
-6.114859771999999793e+01
-6.053158569000000000e+01
-6.028396605999999736e+01
-6.159473418999999694e+01
-6.190224457000000058e+01
-6.181379317999999756e+01
-6.055111694000000000e+01
-6.168933867999999876e+01
-6.189746094000000198e+01
-6.154418944999999752e+01
-6.164535521999999901e+01
-6.203291701999999930e+01
-6.317958832000000058e+01
-6.199435806000000326e+01
-6.366844940000000008e+01
-6.238590622000000252e+01
-6.370807265999999913e+01
-6.147062301999999789e+01
-6.270734786999999955e+01
-6.231244659000000041e+01
-6.207027434999999826e+01
-6.298294449000000128e+01
-6.100469589000000070e+01
-6.265579223999999670e+01
-6.245375442999999649e+01
-6.215105057000000244e+01
-6.267677307000000297e+01
-6.091914749000000029e+01
-6.076499938999999983e+01
-6.293438339000000070e+01
-6.302793883999999736e+01
-6.187255478000000153e+01
-6.171948624000000194e+01
-6.149985503999999992e+01
-6.270558548000000343e+01
-6.191799927000000281e+01
-6.163198090000000207e+01
-6.326346587999999826e+01
-6.216004181000000273e+01
-6.300594329999999843e+01
-5.900336837999999773e+01
-6.092085647999999765e+01
-6.188457108000000062e+01
-6.184423065000000008e+01
-6.103443146000000041e+01
-6.256582259999999707e+01
-6.228403090999999847e+01
-6.205199051000000310e+01
-6.136394118999999847e+01
-6.048728942999999703e+01
-6.018920134999999760e+01
-6.205099486999999669e+01
-6.173771666999999752e+01
-6.074300385000000091e+01
-6.217702865999999773e+01
-6.038386536000000149e+01
-6.168670273000000037e+01
-6.161159897000000285e+01
-6.166637421000000074e+01
-6.194132995999999736e+01
-6.138589858999999649e+01
-6.201091385000000145e+01
-6.212279129000000211e+01
-6.084347916000000112e+01
-6.045750045999999855e+01
-6.081233978000000207e+01
-6.029265213000000045e+01
-6.265671539000000223e+01
-5.967016602000000347e+01
-6.120812225000000240e+01
-6.072009277000000083e+01
-6.181144333000000302e+01
-5.920602798000000178e+01
-6.133230208999999888e+01
-6.120684813999999818e+01
-6.169732666000000165e+01
-6.198177719000000252e+01
-6.158148193000000248e+01
-6.173709105999999736e+01
-6.186524200000000207e+01
-6.178896332000000058e+01
-6.044602966000000066e+01
-6.036961746000000062e+01
-6.126292801000000310e+01
-5.948321151999999756e+01
-5.952627181999999806e+01
-5.896576309000000293e+01
-6.090177154999999942e+01
-6.246175002999999748e+01
-5.930224228000000153e+01
-6.078973389000000083e+01
-6.131538772999999765e+01
-5.954564285000000012e+01
-6.071391296000000182e+01
-5.927922058000000050e+01
-5.921862792999999670e+01
-6.027145386000000116e+01
-5.933337020999999822e+01
-6.141916656000000074e+01
-6.122268294999999938e+01
-5.955658340000000095e+01
-6.140493011000000223e+01
-6.003746796000000074e+01
-6.056305313000000012e+01
-5.979900742000000236e+01
-6.108956528000000219e+01
-5.868442534999999793e+01
-6.052861404000000078e+01
-6.023281860000000165e+01
-6.097163772999999765e+01
-6.112638473999999889e+01
-5.953075026999999864e+01
-6.054629134999999707e+01
-5.905205916999999971e+01
-5.955831145999999876e+01
-6.019176482999999678e+01
-5.985593795999999855e+01
-6.061995316000000145e+01
-6.015081023999999843e+01
-6.017252730999999955e+01
-5.922473145000000017e+01
-5.881070327999999847e+01
-5.982164001000000297e+01
-5.895870972000000165e+01
-6.063813781999999719e+01
-6.073952484000000140e+01
-5.985255051000000037e+01
-5.997656631000000260e+01
-5.963516998000000058e+01
-6.023161696999999748e+01
-6.013216400000000306e+01
-5.915105437999999793e+01
-5.979035567999999756e+01
-6.024964905000000215e+01
-6.119567490000000021e+01
-5.886008453000000173e+01
-6.022990036000000202e+01
-5.897954177999999814e+01
-6.079742813000000012e+01
-6.017798232999999897e+01
-5.987442779999999942e+01
-6.081615448000000157e+01
-6.010166550000000285e+01
-6.105970382999999657e+01
-5.997813416000000331e+01
-6.004569244000000339e+01
-6.120845795000000322e+01
-6.005413818000000248e+01
-6.093956757000000124e+01
-5.987896728999999851e+01
-6.001179123000000004e+01
-5.910715102999999715e+01
-5.958540344000000033e+01
-6.078657912999999979e+01
-5.922096252000000050e+01
-5.959441376000000190e+01
-6.065899658000000017e+01
-6.036038208000000083e+01
-6.116264724999999913e+01
-5.898877715999999793e+01
-5.917928314000000256e+01
-5.866040801999999843e+01
-5.941142272999999818e+01
-5.930396271000000041e+01
-5.962537384000000174e+01
-6.013833237000000054e+01
-6.015932845999999756e+01
-5.972368240000000128e+01
-6.051031112999999806e+01
-5.727088927999999868e+01
-6.002407836999999802e+01
-5.751018143000000293e+01
-5.944834900000000033e+01
-6.100483703999999818e+01
-6.001024246000000062e+01
-5.681019974000000161e+01
-5.960921478000000207e+01
-5.879194259999999872e+01
-5.651522064000000256e+01
-5.856406783999999988e+01
-6.102027129999999744e+01
-5.857041930999999835e+01
-5.813410950000000099e+01
-5.963567351999999744e+01
-5.798218154999999996e+01
-5.876399993999999793e+01
-5.887793732000000091e+01
-5.927371596999999781e+01
-5.964508438000000012e+01
-5.773423766999999884e+01
-5.904680251999999996e+01
-5.748427199999999715e+01
-5.903506088000000318e+01
-5.631156539999999922e+01
-6.017355347000000165e+01
-6.118194961999999748e+01
-5.974098968999999926e+01
-5.796156692999999649e+01
-5.821960449000000182e+01
-5.936603164999999649e+01
-5.896679687000000314e+01
-5.735083008000000149e+01
-5.891975403000000000e+01
-5.952804946999999913e+01
-5.949727249000000029e+01
-5.864185714999999988e+01
-5.827637099999999748e+01
-5.785066605000000095e+01
-5.847560882999999876e+01
-5.907520293999999694e+01
-5.825839995999999843e+01
-5.996694564999999955e+01
-6.004868316999999678e+01
-5.777671432000000351e+01
-5.914012526999999864e+01
-5.855096436000000182e+01
-5.827498626999999942e+01
-5.635150909000000041e+01
-5.830704498000000058e+01
-5.707319259999999872e+01
-5.796231842000000256e+01
-5.765324019999999905e+01
-5.858586120999999736e+01
-5.806160355000000095e+01
-5.815973282000000211e+01
-5.579037475999999884e+01
-5.829544829999999678e+01
-5.762631988999999777e+01
-5.628025436000000070e+01
-5.729295730999999847e+01
-5.746666335999999831e+01
-5.816975020999999657e+01
-5.885107802999999649e+01
-5.723635100999999992e+01
-5.678525161999999682e+01
-5.821050644000000318e+01
-5.821096038999999678e+01
-5.920786667000000136e+01
-5.985282897999999818e+01
-5.998163223000000244e+01
-5.907848357999999678e+01
-5.770379639000000083e+01
-5.879998398000000037e+01
-5.967258071999999913e+01
-5.953625106999999872e+01
-5.859497833000000355e+01
-5.820004654000000244e+01
-5.655123520000000070e+01
-5.918663025000000033e+01
-5.727966690000000227e+01
-5.826592254999999909e+01
-5.888207625999999806e+01
-5.915974425999999653e+01
-5.901614380000000182e+01
-5.828065491000000264e+01
-5.898739242999999988e+01
-6.045875930999999781e+01
-5.905253220000000169e+01
-5.877752303999999839e+01
-5.983093261999999868e+01
-5.988006973000000244e+01
-5.831334686000000289e+01
-5.937985610999999864e+01
-6.061437225000000240e+01
-5.997882461999999748e+01
-5.744727325000000207e+01
-5.868082428000000306e+01
-5.897307587000000240e+01
-5.814659119000000231e+01
-5.830215073000000103e+01
-5.961405563000000285e+01
-5.798799515000000326e+01
-5.892143250000000165e+01
-5.847026824999999661e+01
-5.708056641000000297e+01
-5.835461044000000186e+01
-5.471152878000000186e+01
-6.000844955000000169e+01
-5.700123214999999988e+01
-5.790183257999999711e+01
-5.680507659999999959e+01
-5.777481078999999653e+01
-5.763296890000000161e+01
-5.750216675000000066e+01
-5.613933945000000136e+01
-5.742418288999999731e+01
-5.577645492999999988e+01
-5.863179397999999765e+01
-5.840830231000000339e+01
-5.537865448000000157e+01
-5.724539184999999719e+01
-5.852016830000000169e+01
-5.770182799999999901e+01
-5.767824553999999893e+01
-5.814144896999999901e+01
-5.803499984999999839e+01
-5.814951323999999744e+01
-5.613211440999999979e+01
-5.801794815000000227e+01
-5.748443603999999851e+01
-5.788480376999999777e+01
-5.744512177000000008e+01
-5.735102844000000033e+01
-5.656068802000000062e+01
-5.719409943000000141e+01
-5.785642623999999756e+01
-5.635685730000000149e+01
-5.490085220000000277e+01
-5.586452484000000140e+01
-5.488528061000000235e+01
-5.742050171000000347e+01
-5.411223601999999744e+01
-5.626258087000000074e+01
-5.623377991000000264e+01
-5.719699860000000058e+01
-5.684391784999999686e+01
-5.682024001999999996e+01
-5.585886002000000161e+01
-5.668066405999999802e+01
-5.458588027999999781e+01
-5.721479796999999934e+01
-6.217839049999999901e+01
-6.223291396999999847e+01
-6.230671691999999950e+01
-6.098157882999999657e+01
-6.325425339000000236e+01
-6.127116012999999839e+01
-6.350148010000000198e+01
-6.398777007999999711e+01
-6.377140426999999789e+01
-6.166882324000000182e+01
-6.151053619000000339e+01
-6.326010512999999946e+01
-6.274622725999999773e+01
-6.039212035999999983e+01
-6.197992706000000140e+01
-6.221672439999999682e+01
-6.146607589999999988e+01
-6.183009338000000099e+01
-6.143140029999999996e+01
-6.148952484000000140e+01
-6.156516265999999860e+01
-6.046408843999999760e+01
-6.108722304999999864e+01
-6.125029754999999909e+01
-5.967753220000000169e+01
-6.140323638999999645e+01
-6.052539062000000314e+01
-5.947621535999999764e+01
-6.165518569999999698e+01
-6.316865539999999868e+01
-6.227485656999999719e+01
-6.028572083000000248e+01
-6.128529738999999665e+01
-6.111621474999999748e+01
-6.117211913999999950e+01
-6.081280136000000169e+01
-5.988302994000000012e+01
-6.040573502000000161e+01
-6.262217331000000087e+01
-6.066878891000000351e+01
-6.099062728999999905e+01
-6.154791640999999913e+01
-6.187924576000000343e+01
-6.254579543999999913e+01
-6.010587692000000004e+01
-6.156155014000000136e+01
-6.085851287999999926e+01
-6.167446136000000223e+01
-6.067826079999999678e+01
-6.149314880000000016e+01
-5.913891220000000004e+01
-6.088044739000000050e+01
-5.906899642999999855e+01
-6.065750503999999665e+01
-5.927638244999999984e+01
-6.164912414999999868e+01
-6.052607727000000182e+01
-6.223214722000000165e+01
-6.148404693999999893e+01
-6.235616684000000021e+01
-6.153212737999999860e+01
-6.073137665000000140e+01
-6.100046920999999855e+01
-6.150794600999999773e+01
-6.113498687999999959e+01
-6.020313644000000153e+01
-6.216158295000000322e+01
-6.140541840000000207e+01
-6.111516189999999682e+01
-6.057112122000000198e+01
-6.078662872000000306e+01
-6.239613341999999818e+01
-6.125728989000000269e+01
-6.168891525000000087e+01
-6.017338561999999769e+01
-6.114269257000000124e+01
-6.197624206999999785e+01
-6.153710174999999793e+01
-6.142652893000000347e+01
-6.046127319000000000e+01
-6.332130051000000037e+01
-6.288193512000000140e+01
-6.000645827999999682e+01
-6.138277817000000169e+01
-6.185550690000000174e+01
-6.138328170999999855e+01
-6.121680450000000207e+01
-6.106429672000000153e+01
-6.193236922999999905e+01
-6.075850676999999678e+01
-6.107857895000000070e+01
-6.251518250000000165e+01
-6.019802475000000186e+01
-6.195296478000000207e+01
-5.958920669999999831e+01
-5.867808150999999839e+01
-6.090694809000000021e+01
-5.985953140000000161e+01
-6.103945922999999851e+01
-6.227159499999999781e+01
-6.153723145000000017e+01
-6.216498184000000293e+01
-5.963372040000000140e+01
-6.092691039999999703e+01
-6.019458008000000149e+01
-6.025160599000000161e+01
-6.023612212999999826e+01
-5.823315810999999798e+01
-6.020165252999999694e+01
-6.017409514999999942e+01
-6.117588425000000285e+01
-6.141314696999999967e+01
-5.988814925999999872e+01
-6.061561966000000012e+01
-6.024848175000000339e+01
-6.102433394999999905e+01
-6.126460266000000132e+01
-6.110789489999999802e+01
-5.892115021000000041e+01
-6.088922881999999959e+01
-6.191421127000000268e+01
-5.997092056000000326e+01
-6.099898147999999765e+01
-5.952714156999999773e+01
-6.062549973000000136e+01
-6.104832457999999917e+01
-5.992168427000000008e+01
-5.938328170999999855e+01
-6.084303283999999934e+01
-6.099869155999999748e+01
-6.044957352000000128e+01
-5.948157501000000025e+01
-6.008852767999999855e+01
-6.150623321999999860e+01
-6.030150986000000302e+01
-6.062538147000000066e+01
-6.014377213000000211e+01
-5.933139801000000091e+01
-5.968834686000000289e+01
-5.868461227000000235e+01
-5.969737624999999781e+01
-5.873598862000000054e+01
-6.002224350000000186e+01
-5.923500061000000017e+01
-6.240241240999999661e+01
-5.999607467999999955e+01
-6.051363373000000223e+01
-6.074608612000000107e+01
-5.996323775999999839e+01
-5.997921371000000335e+01
-5.990571594000000033e+01
-6.112476730000000202e+01
-5.821731566999999785e+01
-5.973349762000000140e+01
-5.955435943999999893e+01
-5.935164260999999897e+01
-6.066078567999999649e+01
-6.086984634000000227e+01
-6.130709076000000124e+01
-6.123917769999999905e+01
-5.884654998999999975e+01
-5.993792725000000132e+01
-6.013135146999999847e+01
-5.933019257000000124e+01
-6.029242324999999880e+01
-6.010326384999999760e+01
-6.160333632999999764e+01
-6.192228699000000347e+01
-5.935664367999999769e+01
-5.922650909000000041e+01
-6.016933823000000103e+01
-6.096263884999999760e+01
-5.921007919000000186e+01
-6.091986846999999727e+01
-5.966327285999999930e+01
-5.975586318999999946e+01
-6.059357834000000054e+01
-5.902923203000000285e+01
-6.019169234999999674e+01
-5.937763595999999922e+01
-5.819344329999999843e+01
-6.061356734999999674e+01
-6.059547424000000149e+01
-6.050014877000000268e+01
-5.891287613000000079e+01
-5.722822570999999670e+01
-5.939113997999999839e+01
-5.963083266999999665e+01
-5.977713013000000331e+01
-5.994652556999999859e+01
-5.958881378000000240e+01
-6.074241256999999905e+01
-5.669510651000000223e+01
-5.832312774999999760e+01
-5.966887282999999798e+01
-5.932637404999999831e+01
-5.981303405999999967e+01
-5.854471207000000277e+01
-5.874147033999999934e+01
-5.916980742999999876e+01
-5.847700499999999835e+01
-5.847040176000000145e+01
-5.867018889999999942e+01
-5.535374069000000219e+01
-5.934603500000000054e+01
-5.931895827999999682e+01
-5.954016113000000132e+01
-5.895488739000000322e+01
-5.994485854999999930e+01
-5.850022125000000273e+01
-5.807503510000000091e+01
-5.769802093999999926e+01
-5.720572662000000008e+01
-5.847460174999999793e+01
-5.920259094000000033e+01
-5.805719756999999959e+01
-5.822494887999999946e+01
-5.687742996000000062e+01
-5.727387619000000285e+01
-5.781228638000000331e+01
-5.891212844999999731e+01
-5.829014587000000347e+01
-5.629702758999999901e+01
-5.868751907000000045e+01
-5.760297775000000087e+01
-5.852822112999999860e+01
-5.712272644000000099e+01
-5.786140060000000318e+01
-5.645213698999999963e+01
-5.830953979000000231e+01
-5.813429260000000198e+01
-5.948408507999999983e+01
-5.591825867000000017e+01
-5.927613831000000033e+01
-5.897076034999999905e+01
-5.608633422999999851e+01
-5.765588378999999719e+01
-5.817173386000000335e+01
-5.901875305000000083e+01
-5.831364058999999855e+01
-5.741549683000000215e+01
-5.952583693999999781e+01
-5.997625350999999938e+01
-5.938955306999999806e+01
-5.757557677999999868e+01
-5.854792023000000256e+01
-5.847821426000000145e+01
-5.738151169000000351e+01
-5.851202392999999802e+01
-5.836700821000000161e+01
-5.844396210000000025e+01
-5.906118011000000223e+01
-5.910207747999999839e+01
-5.788174438000000066e+01
-5.755610656999999719e+01
-5.907256317000000223e+01
-5.857622147000000012e+01
-6.026202392999999802e+01
-5.854072951999999930e+01
-5.864271927000000062e+01
-5.852106476000000157e+01
-5.887871552000000008e+01
-5.866190720000000169e+01
-5.995155333999999669e+01
-5.819857025000000306e+01
-5.865502166999999645e+01
-5.974219512999999893e+01
-5.744569015999999806e+01
-6.006346892999999909e+01
-5.914349746999999979e+01
-5.948995589999999822e+01
-5.641432189999999736e+01
-5.831421279999999996e+01
-5.947768401999999810e+01
-5.890328216999999711e+01
-5.926221848000000136e+01
-5.891682433999999802e+01
-5.939162826999999822e+01
-5.797800063999999765e+01
-5.857223891999999665e+01
-5.973668671000000074e+01
-5.886491775999999732e+01
-6.056841659999999905e+01
-5.827798080000000169e+01
-5.790177154999999942e+01
-5.909862517999999909e+01
-5.945957184000000240e+01
-5.776802443999999781e+01
-5.887502288999999678e+01
-5.718991089000000017e+01
-5.833268738000000297e+01
-5.940916061000000070e+01
-5.710047531000000021e+01
-5.797323226999999690e+01
-5.990456772000000285e+01
-5.838599777000000302e+01
-5.963670349000000215e+01
-5.894856261999999703e+01
-5.661270523000000310e+01
-5.691761397999999872e+01
-5.926384354000000343e+01
-5.816918181999999859e+01
-5.849922942999999975e+01
-6.041693115000000347e+01
-5.961301804000000004e+01
-5.940528107000000091e+01
-5.816896057000000297e+01
-5.850958632999999764e+01
-5.960630797999999686e+01
-5.734153366000000318e+01
-6.017519759999999707e+01
-6.044496918000000107e+01
-6.036706161000000037e+01
-6.076688766000000186e+01
-6.097726821999999913e+01
-6.020111846999999727e+01
-6.062316132000000124e+01
-6.040236663999999678e+01
-5.779624938999999983e+01
-5.988464354999999983e+01
-5.846889496000000008e+01
-5.929145050000000339e+01
-5.946781158000000289e+01
-5.834489821999999748e+01
-6.068237305000000248e+01
-6.052293015000000054e+01
-5.843339539000000116e+01
-5.943650054999999810e+01
-5.931071854000000343e+01
-6.022484588999999744e+01
-6.002718353000000207e+01
-5.862249374000000302e+01
-5.894239426000000037e+01
-5.865634155000000050e+01
-5.950985717999999736e+01
-5.991568374999999946e+01
-5.724721909000000153e+01
-5.951953125000000000e+01
-5.937825394000000045e+01
-5.666773223999999942e+01
-5.950176619999999872e+01
-5.835359954999999843e+01
-5.676784133999999682e+01
-5.732879639000000083e+01
-5.816966629000000211e+01
-5.745533752000000050e+01
-5.675148773000000091e+01
-5.674982834000000054e+01
-5.949449158000000182e+01
-5.877806472999999698e+01
-5.832528686999999934e+01
-5.668537140000000107e+01
-5.749246216000000231e+01
-5.600268935999999798e+01
-5.679937744000000066e+01
-5.859444809000000021e+01
-5.732564162999999979e+01
-5.734131622000000306e+01
-5.768987273999999843e+01
-5.673802566999999897e+01
-5.786469268999999827e+01
-5.584395981000000120e+01
-5.566919708000000355e+01
-5.562054061999999988e+01
-5.514233779999999996e+01
-5.729557419000000351e+01
-5.691694259999999872e+01
-5.512529373000000277e+01
-5.567121506000000153e+01
-5.578309630999999769e+01
-5.593373108000000116e+01
-5.704584884999999872e+01
-5.414212418000000326e+01
-5.537157440000000008e+01
-5.535761641999999938e+01
-5.350974274000000008e+01
-5.587184143000000347e+01
-5.669713210999999831e+01
-5.648217392000000103e+01
-5.540895462000000293e+01
-5.561749267999999802e+01
-5.546006012000000140e+01
-5.475167464999999822e+01
-5.357842254999999909e+01
-5.519223021999999901e+01
-5.462562561000000017e+01
-5.458320236000000136e+01
-5.423819732999999843e+01
-5.580358505000000235e+01
-5.461832808999999855e+01
-5.444396972999999917e+01
-5.555180358999999868e+01
-5.616695785999999657e+01
-5.645851516999999831e+01
-5.556389235999999698e+01
-5.650684738000000351e+01
-5.550821685999999744e+01
-5.604318236999999669e+01
-5.586653900000000306e+01
-5.423356247000000252e+01
-5.672395325000000099e+01
-5.673078918000000215e+01
-5.360736465000000095e+01
-5.493630600000000186e+01
-5.614053726000000211e+01
-5.636760712000000240e+01
-5.644425583000000302e+01
-5.667177199999999715e+01
-5.596334456999999674e+01
-5.409116363999999777e+01
-5.765185547000000099e+01
-5.449952697999999884e+01
-5.535136794999999665e+01
-5.503880691999999897e+01
-5.561147308000000322e+01
-5.524600219999999950e+01
-5.640899658000000017e+01
-5.612704086000000103e+01
-5.616951370000000310e+01
-5.747197341999999765e+01
-5.612400436000000070e+01
-5.727272796999999827e+01
-5.626744843000000174e+01
-5.617393494000000231e+01
-5.455377579000000310e+01
-5.559658051000000256e+01
-5.629905700999999851e+01
-5.536824036000000149e+01
-5.561818695000000190e+01
-5.571086501999999996e+01
-5.410743331999999839e+01
-5.507941817999999756e+01
-5.500627518000000293e+01
-5.725477218999999707e+01
-5.677986144999999851e+01
-5.540253447999999992e+01
-5.621013640999999694e+01
-5.562058257999999711e+01
-5.464356232000000091e+01
-5.401376342999999736e+01
-5.588281631000000260e+01
-5.578950119000000285e+01
-5.441895293999999694e+01
-5.660349274000000008e+01
-5.515881347999999917e+01
-5.463721085000000244e+01
-5.595689011000000335e+01
-5.656807326999999930e+01
-5.520619202000000314e+01
-5.361457062000000207e+01
-5.521142197000000351e+01
-5.473966598999999889e+01
-5.518489075000000099e+01
-5.496234893999999827e+01
-5.428762053999999893e+01
-5.508096694999999698e+01
-5.512399673000000178e+01
-5.538680267000000157e+01
-5.357488251000000190e+01
-5.276737212999999826e+01
-5.324856949000000128e+01
-5.405421447999999884e+01
-5.355349730999999736e+01
-5.467137909000000207e+01
-5.310145949999999715e+01
-5.556537628000000240e+01
-5.377545546999999715e+01
-5.343938828000000285e+01
-5.396933745999999843e+01
-5.438419723999999889e+01
-5.264819717000000310e+01
-5.403763199000000128e+01
-5.340587615999999826e+01
-5.464262772000000012e+01
-5.191429138000000165e+01
-5.485976028000000326e+01
-5.462295913999999897e+01
-5.496292113999999884e+01
-5.420119094999999731e+01
-5.362480164000000116e+01
-5.311462402000000083e+01
-5.388948821999999694e+01
-5.358479308999999802e+01
-5.422861098999999996e+01
-5.376046371000000335e+01
-5.456816483000000062e+01
-5.435650253000000021e+01
-5.499170302999999649e+01
-5.438936615000000074e+01
-5.437764358999999814e+01
-5.407106781000000240e+01
-5.383451079999999678e+01
-5.551959228999999851e+01
-5.392991256999999905e+01
-5.480062866000000099e+01
-5.376304245000000037e+01
-5.343796157999999963e+01
-5.580169678000000033e+01
-5.668650436000000070e+01
-5.355352401999999756e+01
-5.533992004000000264e+01
-5.512100219999999950e+01
-5.473218536000000256e+01
-5.342296981999999872e+01
-5.466650391000000297e+01
-5.575425339000000236e+01
-5.658073424999999901e+01
-5.573620987000000326e+01
-5.669122313999999818e+01
-5.534633636000000223e+01
-5.488484573000000211e+01
-5.486083983999999703e+01
-5.642926024999999868e+01
-5.483729552999999868e+01
-5.547414016999999831e+01
-5.666249847000000273e+01
-5.599371338000000264e+01
-5.520588303000000252e+01
-5.538894652999999835e+01
-5.507815552000000281e+01
-5.463868713000000099e+01
-5.599260329999999897e+01
-5.632734680000000083e+01
-5.592284775000000252e+01
-5.559717559999999992e+01
-5.546812438999999983e+01
-5.467483902000000029e+01
-5.559525298999999876e+01
-5.646423339999999769e+01
-5.619987868999999847e+01
-5.504074477999999715e+01
-5.481274032999999690e+01
-5.523775864000000269e+01
-5.715076446999999860e+01
-5.642967605999999847e+01
-5.407021332000000058e+01
-5.562412262000000140e+01
-5.406771469000000252e+01
-5.623174666999999971e+01
-5.671177672999999686e+01
-5.623706435999999798e+01
-5.678626632999999657e+01
-5.535933684999999826e+01
-5.662473679000000004e+01
-5.644099807999999996e+01
-5.342066573999999690e+01
-5.739083481000000120e+01
-5.526842117000000343e+01
-5.482219314999999682e+01
-5.409198380000000128e+01
-5.604450606999999707e+01
-5.612660599000000161e+01
-5.631387328999999653e+01
-5.657407378999999992e+01
-5.544989014000000083e+01
-5.590827179000000058e+01
-5.518428421000000128e+01
-5.692677307000000297e+01
-5.500308989999999909e+01
-5.690501022000000120e+01
-5.552480698000000103e+01
-5.613337708000000248e+01
-5.520608520999999769e+01
-5.574171447999999884e+01
-5.483233261000000169e+01
-5.533218383999999901e+01
-5.641727828999999872e+01
-5.529170608999999814e+01
-5.473019408999999769e+01
-5.472189330999999868e+01
-5.466947173999999876e+01
-5.622550963999999851e+01
-5.404536056999999971e+01
-5.541521454000000091e+01
-5.608189774000000227e+01
-5.638102340999999740e+01
-5.496539688000000012e+01
-5.373674010999999950e+01
-5.585133361999999835e+01
-5.590482712000000021e+01
-5.747534560999999798e+01
-5.655170822000000186e+01
-5.632700348000000190e+01
-5.704482268999999661e+01
-5.559669494999999984e+01
-5.633741378999999938e+01
-5.556938552999999814e+01
-5.601131820999999888e+01
-5.656165313999999711e+01
-5.517049026000000111e+01
-5.503638839999999988e+01
-5.583668518000000347e+01
-5.568319320999999888e+01
-5.528723145000000017e+01
-5.563344573999999909e+01
-5.464499664000000223e+01
-5.525809479000000124e+01
-5.453551482999999678e+01
-5.529424666999999971e+01
-5.448810959000000054e+01
-5.476665496999999760e+01
-5.609405517999999802e+01
-5.394614409999999793e+01
-5.417723465000000260e+01
-5.507194519000000099e+01
-5.335644150000000252e+01
-5.424297714000000070e+01
-5.317018127000000050e+01
-5.496567154000000244e+01
-5.475234985000000165e+01
-5.391487122000000198e+01
-5.387147140999999806e+01
-5.522494887999999946e+01
-5.448400878999999719e+01
-5.368536377000000215e+01
-5.300164031999999992e+01
-5.524155807000000351e+01
-5.572185135000000145e+01
-5.522429275999999732e+01
-5.281041718000000174e+01
-5.497945404000000025e+01
-5.471757125999999971e+01
-5.431930160999999657e+01
-5.487060547000000099e+01
-5.356159592000000202e+01
-5.272807311999999769e+01
-5.310175705000000335e+01
-5.302940369000000231e+01
-5.438377380000000016e+01
-5.214966964999999988e+01
-5.401383972000000000e+01
-5.379496384000000120e+01
-5.515968322999999884e+01
-5.501942444000000165e+01
-5.424819564999999955e+01
-5.399716948999999744e+01
-5.396357345999999922e+01
-5.362775803000000252e+01
-5.387567139000000083e+01
-5.361271666999999752e+01
-5.220395659999999793e+01
-5.445862197999999665e+01
-5.287537384000000174e+01
-5.366169356999999707e+01
-5.316545485999999698e+01
-5.153020096000000194e+01
-5.392617797999999851e+01
-5.324843978999999905e+01
-5.452496338000000264e+01
-5.397439957000000277e+01
-5.303567122999999839e+01
-5.290990448000000157e+01
-5.411367034999999959e+01
-5.261978912000000008e+01
-5.182132720999999975e+01
-5.102793883999999736e+01
-5.215882873999999703e+01
-5.160118484000000194e+01
-5.080557250999999752e+01
-5.097496033000000182e+01
-5.052252196999999967e+01
-5.185812377999999967e+01
-4.844906997999999732e+01
-5.259035872999999839e+01
-5.161908721999999727e+01
-5.173611449999999934e+01
-5.126845551000000256e+01
