-1.910536276999999927e+01
-1.910968267499999840e+01
-1.909225547125000233e+01
-1.951812970125000035e+01
-1.945575928124999621e+01
-1.975247287375000127e+01
-1.984931397249999918e+01
-1.987544643500000419e+01
-2.007851421500000200e+01
-1.997177695874999870e+01
-2.025486623874999736e+01
-2.033102810125000204e+01
-2.057168948249999829e+01
-2.084769856624999562e+01
-2.072511398250000525e+01
-2.107312941250000193e+01
-2.101911496750000197e+01
-2.113960718874999856e+01
-2.141955792374999490e+01
-2.130613314875000341e+01
-2.171742939750000190e+01
-2.177488993999999778e+01
-2.178910088374999887e+01
-2.204078161500000022e+01
-2.193809795125000051e+01
-2.211988985375000283e+01
-2.222740816749999837e+01
-2.240094375124999715e+01
-2.264485060875000144e+01
-2.263716339999999860e+01
-2.286697733374999686e+01
-2.281940555624999689e+01
-2.295793295000000001e+01
-2.316486954750000393e+01
-2.312310731499999861e+01
-2.350805807124999802e+01
-2.349586379375000078e+01
-2.355111133874999751e+01
-2.386946976249999608e+01
-2.355075180374999988e+01
-2.384707534374999938e+01
-2.396787476499999769e+01
-2.398880243250000177e+01
-2.441531538875000251e+01
-2.433026826375000340e+01
-2.442614460125000164e+01
-2.460880255749999890e+01
-2.441193294624999410e+01
-2.468045902249999912e+01
-2.473906087750000538e+01
-2.485857391374999636e+01
-2.512562489499999785e+01
-2.507456374125000309e+01
-2.519626474374999958e+01
-2.523057401125000254e+01
-2.522092592874999895e+01
-2.535782134500000140e+01
-2.546037208999999990e+01
-2.569474685375000433e+01
-2.582001221250000000e+01
-2.587130832749999954e+01
-2.596196866125000113e+01
-2.588460719500000096e+01
-2.591813719249999437e+01
-2.606777620375000382e+01
-2.616697681000000486e+01
-2.638033104000000151e+01
-2.652255392124999744e+01
-2.647270393374999742e+01
-2.672857391749999678e+01
-2.649695610999999928e+01
-2.650954985624999694e+01
-2.671925675875001005e+01
-2.671039748250000301e+01
-2.695963501874999935e+01
-2.706142270750000023e+01
-2.691242373000000399e+01
-2.708871305000000262e+01
-2.698310756625000195e+01
-2.705659353749999596e+01
-2.723701906125000249e+01
-2.728031456625000217e+01
-2.756617498374999897e+01
-2.755023753625000182e+01
-2.754977596000000517e+01
-2.762486302999999666e+01
-2.748724472500000005e+01
-2.771745037999999539e+01
-2.777933800250000118e+01
-2.789316940249999632e+01
-2.815546131249999462e+01
-2.796409427999999409e+01
-2.811912572499999996e+01
-2.818289983250000219e+01
-2.810717427624999942e+01
-2.840087056124999876e+01
-2.839670646125000530e+01
-2.854452645750000173e+01
-2.885249769874999970e+01
-2.865930771750000261e+01
-2.877667641625000172e+01
-2.881549191375000163e+01
-2.874276089625000452e+01
-2.901973092499999751e+01
-2.907911193374999925e+01
-2.917840003874999866e+01
-2.938380408124999832e+01
-2.923431718375000088e+01
-2.933444440249999730e+01
-2.942367005250000389e+01
-2.943913269249999942e+01
-2.983359003125000086e+01
-2.976090144999999509e+01
-2.984598827374999885e+01
-2.998547399000000269e+01
-2.997029125499999935e+01
-2.998935246500000318e+01
-2.994544005624999983e+01
-3.009250211624999949e+01
-3.019392049125000455e+01
-3.026341843624999939e+01
-3.048871922375000310e+01
-3.043025708250000250e+01
-3.037046039000000164e+01
-3.058459222249999598e+01
-3.043597662374999757e+01
-3.061009895749999643e+01
-3.090190923249999955e+01
-3.068647778125000158e+01
-3.092818009875000129e+01
-3.088463652125000181e+01
-3.079835402875000128e+01
-3.106740021874999869e+01
-3.085008239875000058e+01
-3.096887862624999599e+01
-3.115160536750000020e+01
-3.099649333875000323e+01
-3.132139038875000026e+01
-3.126810681750000143e+01
-3.114231979749999724e+01
-3.137132155749999640e+01
-3.124251210750000141e+01
-3.144351351125000349e+01
-3.146145653874999937e+01
-3.140086579125000554e+01
-3.167814684000000014e+01
-3.157160448999999858e+01
-3.163364613125000346e+01
-3.174335551250000265e+01
-3.164006412000000168e+01
-3.186894059374999699e+01
-3.178909039374999779e+01
-3.187859249125000360e+01
-3.207148146625000606e+01
-3.196663403624999944e+01
-3.213350296125000227e+01
-3.205758237749999751e+01
-3.203257477249999852e+01
-3.236471986749999985e+01
-3.215223324375000402e+01
-3.239815890874999837e+01
-3.246012270625000440e+01
-3.239656686875000702e+01
-3.270150745125000213e+01
-3.256241941499999371e+01
-3.272937989249999902e+01
-3.291775405374999508e+01
-3.265061569375000516e+01
-3.294968008875000010e+01
-3.289844930124999678e+01
-3.290503680624999561e+01
-3.318961632375000192e+01
-3.310639596000000040e+01
-3.309134042249999652e+01
-3.327400958500000172e+01
-3.321843600249999895e+01
-3.347428428999999994e+01
-3.333081376375000104e+01
-3.355764567874999926e+01
-3.358702504749999918e+01
-3.357191598375000297e+01
-3.374233746624999952e+01
-3.362002646874999812e+01
-3.372379469749999714e+01
-3.401512575124999671e+01
-3.375972974250000647e+01
-3.399967241374999816e+01
-3.387460958999999860e+01
-3.376688217999999608e+01
-3.432551610500000550e+01
-3.387553155375000102e+01
-3.417509758375000928e+01
-3.437754166000000566e+01
-3.399019718125000367e+01
-3.432329749874999436e+01
-3.435413420249999916e+01
-3.418292737000000159e+01
-3.450658512124999788e+01
-3.420060121875000192e+01
-3.433592593500000589e+01
-3.449287557625000744e+01
-3.429356467499999894e+01
-3.439709245999999609e+01
-3.462286078875000328e+01
-3.425275611874999271e+01
-3.449428391625000501e+01
-3.461014115750000286e+01
-3.469369435375000421e+01
-3.479929244499999896e+01
-3.494529437999999999e+01
-3.513561010499999782e+01
-3.499500560875000588e+01
-3.508143734875000064e+01
-3.481236779625000111e+01
-3.521227979625000160e+01
-3.508922421999999841e+01
-3.502328002375000437e+01
-3.519772315000000162e+01
-3.523916661750000401e+01
-3.497902154999999880e+01
-3.514680337875000049e+01
-3.521395039499999768e+01
-3.532603978999999583e+01
-3.534238219249999702e+01
-3.512360715750000395e+01
-3.584287786499999839e+01
-3.570707654624999350e+01
-3.539100765999999965e+01
-3.559439706750000454e+01
-3.543764281125000082e+01
-3.547373390250000114e+01
-3.589633941750000190e+01
-3.590499210499999805e+01
-3.589621853749999758e+01
-3.579070401250000089e+01
-3.561975812749999903e+01
-3.556965851874999629e+01
-3.593145036374999535e+01
-3.584253907249999571e+01
-3.615655183749999679e+01
-3.659574818499999793e+01
-3.621036529624999645e+01
-3.621795773499999882e+01
-3.610291814750000583e+01
-3.589290380499999600e+01
-3.612454414375000056e+01
-3.647872423999999114e+01
-3.608026266125000348e+01
-3.677799272499999717e+01
-3.638113045625000552e+01
-3.605746245249999760e+01
-3.635420823124999856e+01
-3.636108112374999735e+01
-3.645769715124999522e+01
-3.658072399999999647e+01
-3.651248264375000474e+01
-3.661211228499999493e+01
-3.654681801999999635e+01
-3.602986311874999359e+01
-3.643876433500000189e+01
-3.633729290750000018e+01
-3.651806020624999860e+01
-3.688684535125000252e+01
-3.650737619249999710e+01
-3.678272485750000698e+01
-3.638995218124998843e+01
-3.661002182874999988e+01
-3.646104002124999965e+01
-3.650728917125000095e+01
-3.666831374374999797e+01
-3.669772958749999958e+01
-3.722201085124999054e+01
-3.662550401624999807e+01
-3.682276368125000232e+01
-3.668082428000000306e+01
-3.652581310125000869e+01
-3.684479498999999691e+01
-3.654337191624999548e+01
-3.656844997374999906e+01
-3.778446459250000089e+01
-3.683706140500000004e+01
-3.679407548875000344e+01
-3.675089287749999301e+01
-3.709412884749999506e+01
-3.721065354374999856e+01
-3.741542863749999981e+01
-3.782542514749999896e+01
-3.745448732249999324e+01
-3.704473876999999504e+01
-3.709470749000000467e+01
-3.696718645125000080e+01
-3.751177596875000120e+01
-3.776938795374999813e+01
-3.761542129500000442e+01
-3.718831706000000281e+01
-3.757809352750000187e+01
-3.736813235374999209e+01
-3.773302602500000091e+01
-3.712220978624999645e+01
-3.742760443874999510e+01
-3.753916311249999893e+01
-3.790701246249999912e+01
-3.805627679874999814e+01
-3.761558794999999833e+01
-3.789743184625000083e+01
-3.771334576750000167e+01
-3.705576443624999428e+01
-3.778758764250000013e+01
-3.754178428750000052e+01
-3.801168489375000092e+01
-3.877056312125000659e+01
-3.762902998749999739e+01
-3.732717585500000013e+01
-3.753173446624999343e+01
-3.731978988624999971e+01
-3.741683697624999638e+01
-3.733852171999999570e+01
-3.807349585750000642e+01
-3.756517577124999718e+01
-3.747206807124999983e+01
-3.731221794999999730e+01
-3.721316242250000528e+01
-3.718602776375000474e+01
-3.698117088999999424e+01
-3.736291718625000158e+01
-3.752788162249999004e+01
-3.744802236750000191e+01
-3.717825698625000541e+01
-3.688989400874999092e+01
-3.658045458875000833e+01
-3.720524692374999631e+01
-3.683329319999999996e+01
-3.698985719625000002e+01
-3.739146804749999831e+01
-3.689857315874999699e+01
-3.694428968375000011e+01
-3.669942521999999485e+01
-3.696484279500000270e+01
-3.707477498125000182e+01
-3.669770860624999642e+01
-3.683628868999999639e+01
-3.682898712000000074e+01
-3.664654421874999457e+01
-3.656126475250000851e+01
-3.644690084500000182e+01
-3.650220918624999911e+01
-3.676906585625000901e+01
-3.680124521250000669e+01
-3.720325708375000318e+01
-3.674776578125000270e+01
-3.694611716250000200e+01
-3.684723186500000480e+01
-3.671327710125000010e+01
-3.706617736749999636e+01
-3.696589660750000661e+01
-3.707825088374999467e+01
-3.706551194125000137e+01
-3.703566360499999632e+01
-3.704144620875000271e+01
-3.693606471874999642e+01
-3.679167103874999611e+01
-3.723397374124999715e+01
-3.746885275625000844e+01
-3.750761699625000034e+01
-3.738641381374999639e+01
-3.698377394499999582e+01
-3.745510411250000260e+01
-3.707197022375000728e+01
-3.700684499750000356e+01
-3.734492826374999197e+01
-3.709581279749999538e+01
-3.761882185875000317e+01
-3.749023175374999539e+01
-3.702546906375000191e+01
-3.709010815625000390e+01
-3.704430293999999435e+01
-3.690270709874999966e+01
-3.711062955749999759e+01
-3.698035812500000219e+01
-3.725333786000000202e+01
-3.729297900124999643e+01
-3.707843780499999298e+01
-3.679152345749999853e+01
-3.668490600625000297e+01
-3.662579154625000655e+01
-3.653826928125000251e+01
-3.655933022625000461e+01
-3.735788011500000039e+01
-3.660904836750000158e+01
-3.672695446000000175e+01
-3.645784521124999600e+01
-3.622893500375000286e+01
-3.644863033250000228e+01
-3.632044124499999072e+01
-3.640353035875000387e+01
-3.675527095750000228e+01
-3.638388061375000149e+01
-3.667122030125000265e+01
-3.634549164749999761e+01
-3.619959497375000268e+01
-3.652776169749999724e+01
-3.603485345750000590e+01
-3.648626589875000548e+01
-3.640252161250000285e+01
-3.619574546749999655e+01
-3.625477743000000430e+01
-3.619743800124999922e+01
-3.621579337124999398e+01
-3.644149875625000590e+01
-3.665711212000000074e+01
-3.681870031500000096e+01
-3.612558102625000345e+01
-3.600066518624999645e+01
-3.630617404000000192e+01
-3.607098007249999227e+01
-3.623862337999999994e+01
-3.647845196749999985e+01
-3.657154727000000349e+01
-3.640913176625000602e+01
-3.628028106624999793e+01
-3.628804659875000027e+01
-3.624165821124999809e+01
-3.628634595749998937e+01
-3.633687400875000151e+01
-3.615392184249999730e+01
-3.656386327749999765e+01
-3.664845800374999385e+01
-3.627151226999999523e+01
-3.654444122375000603e+01
-3.630124020625000725e+01
-3.611153483374999240e+01
-3.632957053249999291e+01
-3.612042427000000089e+01
-3.663205647374999785e+01
-3.661410569999999609e+01
-3.635813951499999774e+01
-3.625875067750000369e+01
-3.631315493625000101e+01
-3.605621647749999426e+01
-3.634790515875000239e+01
-3.628118777249999738e+01
-3.632070350624999833e+01
-3.636634492999999679e+01
-3.618655657625000543e+01
-3.602814030749999574e+01
-3.621327614750000379e+01
-3.587613487124999523e+01
-3.586099719999999280e+01
-3.598369336124999052e+01
-3.613848066500000300e+01
-3.614040589249999869e+01
-3.608381843624999874e+01
-3.612843608749999902e+01
-3.598558568875000674e+01
-3.571012425499999665e+01
-3.609202432624999801e+01
-3.584244227250000137e+01
-3.606139850499999966e+01
-3.598742366000000459e+01
-3.599998879374999916e+01
-3.591211462000000409e+01
-3.592054939249999279e+01
-3.577566051500000555e+01
-3.568919205750000145e+01
-3.559919643500000319e+01
-3.617926549749999765e+01
-3.590356397499999730e+01
-3.585349488250000149e+01
-3.605948543625000013e+01
-3.587858485999999658e+01
-3.565707421249999953e+01
-3.563187813750000288e+01
-3.557006430749999737e+01
-3.583606171499999959e+01
-3.573375177499999467e+01
-3.552338862375000161e+01
-3.585948443499999883e+01
-3.544037628249999727e+01
-3.547471094125000235e+01
-3.544449567750000085e+01
-3.554030680625000116e+01
-3.575723409500000116e+01
-3.587422394624999811e+01
-3.604260373000000328e+01
-3.572830772500000762e+01
-3.549765634499999578e+01
-3.554241967125000912e+01
-3.539227199749999642e+01
-3.568127536874999350e+01
-3.565720629749998949e+01
-3.558648324249999462e+01
-3.566048598249999912e+01
-3.561981320374999171e+01
-3.552699780375000671e+01
-3.549585294749999775e+01
-3.544764494875000338e+01
-3.568327832499999630e+01
-3.560825037875000021e+01
-3.536744165625000136e+01
-3.561012983500000217e+01
-3.537224173624999679e+01
-3.552750348874999986e+01
-3.564395689874999817e+01
-3.572784066250000024e+01
-3.605242896125000129e+01
-3.631217909000000077e+01
-3.610311722750000030e+01
-3.623033523750000029e+01
-3.596369957750000168e+01
-3.605073213499999696e+01
-3.618053984499999842e+01
-3.614583492124999964e+01
-3.633420825000000320e+01
-3.614987683374999961e+01
-3.599260139374999312e+01
-3.624323058125000330e+01
-3.583894205000000710e+01
-3.588307571250000194e+01
-3.602107858500001214e+01
-3.600812148999999351e+01
-3.640436005625000604e+01
-3.629931354624999784e+01
-3.636017894874999712e+01
-3.663618564749999962e+01
-3.610228848500000254e+01
-3.649515437875000856e+01
-3.651897549750000138e+01
-3.708464431624999946e+01
-3.756819486749999726e+01
-3.772477173875000034e+01
-3.777503251999999634e+01
-3.678037810249999495e+01
-3.638386082499999219e+01
-3.701904511624999827e+01
-3.757536721249999800e+01
-3.899857044249999660e+01
-3.893720483750000483e+01
-3.848029851875000418e+01
-3.799644374875000352e+01
-3.707818675124999430e+01
-3.686409688000000529e+01
-3.658043503874999658e+01
-3.630673503874999852e+01
-3.636793589750000422e+01
-3.613904547749999807e+01
-3.592202043499999320e+01
-3.597684693124999455e+01
-3.568913268875000000e+01
-3.568449616249999679e+01
-3.567930197999999820e+01
-3.551235389750000593e+01
-3.571453881249999540e+01
-3.578243184125000198e+01
-3.578042888624999307e+01
-3.576831412249999431e+01
-3.555689978749999369e+01
-3.543545389124999900e+01
-3.552826189999999684e+01
-3.559671306374999489e+01
-3.568709874250000524e+01
-3.578733849624999408e+01
-3.596529507750000221e+01
-3.609901547499999452e+01
-3.663035559750000658e+01
-3.773697352500001045e+01
-3.792844605375000100e+01
-3.735457921000000425e+01
-3.653761625250000122e+01
-3.583733654000000257e+01
-3.603150105499999967e+01
-3.679995441625000296e+01
-3.599554538625000077e+01
-3.569988536875000307e+01
-3.520531845000000715e+01
-3.517598128249999689e+01
-3.531696987124999509e+01
-3.490070414375000496e+01
-3.515711069249999809e+01
-2.804656124124999650e+01
-2.786093616499999825e+01
-2.820993781125000410e+01
-2.824182677250000495e+01
-2.881045841999999979e+01
-2.901525139875000292e+01
-2.858175349249999897e+01
-2.838377595124999786e+01
-2.782991957750000012e+01
-2.765943980125000579e+01
-2.745047593249999807e+01
-2.734814167124999784e+01
-2.727769398625000008e+01
-2.713809776249999928e+01
-2.712089729249999692e+01
-2.707669162749999714e+01
-2.702610898124999750e+01
-2.705009388874999843e+01
-2.712056231500000436e+01
-2.717047929750000179e+01
-2.729881596499999930e+01
-2.723513460124999952e+01
-2.753201889999999707e+01
-2.726841521375000355e+01
-2.736134052124999627e+01
-2.769979715250000041e+01
-2.831060242750000100e+01
-2.778729939374999702e+01
-2.764835309999999780e+01
-2.739210057374999963e+01
-2.752305531625000157e+01
-2.745024943250000149e+01
-2.759553956999999613e+01
-2.788312458874999678e+01
-2.787947392625000020e+01
-2.834933900875000035e+01
-2.863979029624999839e+01
-2.894163847124999478e+01
-2.948252487374999831e+01
-2.949749803499999956e+01
-2.942079877875000449e+01
-2.905627584624999926e+01
-2.862074399249999956e+01
-2.824477767999999855e+01
-2.806890869124999810e+01
-2.784963726875000134e+01
-2.786805033625000050e+01
-2.787793302374999982e+01
-2.778539633625000249e+01
-2.781832146749999879e+01
-2.772279381625000028e+01
-2.768585753499999669e+01
-2.766607594374999834e+01
-2.767333054500000245e+01
-2.771333646874999701e+01
-2.767723536625000236e+01
-2.772235989624999775e+01
-2.763507557124999892e+01
-2.749390458999999964e+01
-2.750069284374999867e+01
-2.734357023249999585e+01
-2.738678526874999974e+01
-2.743216252499999541e+01
-2.728164959125000166e+01
-2.738179326124999591e+01
-2.727578568500000245e+01
-2.729416394375000010e+01
-2.720617485125000456e+01
-2.715420937500000065e+01
-2.714599704875000441e+01
-2.711688900000000046e+01
-2.713455915375000416e+01
-2.716394305374999973e+01
-2.734268069250000366e+01
-2.744302820999999781e+01
-2.758330059124999778e+01
-2.798805761250000401e+01
-2.827928519250000150e+01
-2.911599302249999965e+01
-3.086146235375000302e+01
-3.311325454749999864e+01
-3.246900606250000010e+01
-3.036657834000000022e+01
-2.888564157500000107e+01
-2.821399378749999798e+01
-2.785874462124999695e+01
-2.749937128999999914e+01
-2.754133749000000009e+01
-2.737444400750000284e+01
-2.737202239000000148e+01
-2.755924511125000009e+01
-2.743428969375000293e+01
-2.739911532374999936e+01
-2.735860109374999993e+01
-2.721385860499999865e+01
-2.747248101250000119e+01
-2.742668080374999917e+01
-2.738084220750000242e+01
-2.754702425000000332e+01
-2.762916851125000406e+01
-2.774555873750000501e+01
-2.771015262750000119e+01
-2.740842938375000060e+01
-2.748933028999999806e+01
-2.739274454374999834e+01
-2.730645084250000210e+01
-2.737553620249999753e+01
-2.737000417500000182e+01
-2.750055122249999684e+01
-2.761494517249999703e+01
-2.753489470375000181e+01
-2.758354544624999605e+01
-2.758506679499999592e+01
-2.755115604374999805e+01
-2.755839586250000295e+01
-2.772804832499999961e+01
-2.781938052374999515e+01
-2.793912410749999964e+01
-2.797725486750000101e+01
-2.782186794249999906e+01
-2.777600026124999388e+01
-2.779507541625000044e+01
-2.771261453625000115e+01
-2.792839193500000050e+01
-2.796877264999999468e+01
-2.788961386499999762e+01
-2.804182267124999939e+01
-2.785919261000000091e+01
-2.780832433874999765e+01
-2.787236761999999857e+01
-2.779166102250000137e+01
-2.803913283375000276e+01
-2.819072938000000050e+01
-2.813311934499999722e+01
-2.844600224375000153e+01
-2.876086830999999933e+01
-2.900748872875000473e+01
-2.934105134000000348e+01
-2.976697421249999920e+01
-3.030281615375000470e+01
-3.123205113499999896e+01
-3.155445384874999704e+01
-3.084774136750000295e+01
-3.003521656875000190e+01
-3.022714233249999793e+01
-2.993712997500000128e+01
-2.953551506999999887e+01
-2.909472084000000081e+01
-2.891659879749999718e+01
-2.863137650624999964e+01
-2.841126990124999807e+01
-2.842094778999999960e+01
-2.838345527750000485e+01
-2.825891280249999937e+01
-2.866932988249999781e+01
-2.881625580875000026e+01
-2.867457270499999922e+01
-2.907137298749999843e+01
-2.894385981624999715e+01
-2.949936342250000010e+01
-2.977142071750000341e+01
-2.985622382125000485e+01
-3.102346921000000179e+01
-3.149781203374999805e+01
-3.246501469500000070e+01
-3.417694020249999909e+01
-3.579469919249999776e+01
-3.643820095125000336e+01
-3.392257070624999926e+01
-3.179045152624999915e+01
-3.042083692624999713e+01
-2.969209980999999843e+01
-2.924309492125000176e+01
-2.921373629500000391e+01
-3.001880836375000072e+01
-3.022062349375000068e+01
-2.953338861375000235e+01
-2.919816994624999751e+01
-2.928201556124999883e+01
-2.942132067624999792e+01
-2.923283171625000065e+01
-2.903883433375000322e+01
-2.892159032874999980e+01
-2.893088221749999889e+01
-2.894631624125000258e+01
-2.937341308499999926e+01
-2.958400464000000341e+01
-2.943775201000000052e+01
-2.949162244625000184e+01
-2.903390836749999693e+01
-2.878338456374999765e+01
-2.891549777999999549e+01
-2.878414416250000230e+01
-2.928224301374999783e+01
-2.942508721250000292e+01
-2.909477877499999821e+01
-2.925587415749999920e+01
-2.897490191249999825e+01
-2.867987346625000100e+01
-2.860616922374999760e+01
-2.856735372500000381e+01
-2.877222013624999875e+01
-2.881024479750000111e+01
-2.868941879374999715e+01
-2.851535653999999909e+01
-2.847143220750000481e+01
-2.858846449749999508e+01
-2.840916156749999999e+01
-2.878942680374999696e+01
-2.885586428749999754e+01
-2.880701327249999366e+01
-2.909767198375000063e+01
-2.872450184874999835e+01
-2.881149316000000127e+01
-2.912673878499999702e+01
-2.890798497124999855e+01
-2.951649475000000322e+01
-2.941031575249999719e+01
-2.910516810250000219e+01
-2.962696743000000055e+01
-2.931837987875000096e+01
-2.945485258250000271e+01
-2.967115783749999736e+01
-2.945134878125000100e+01
-3.021027302749999777e+01
-3.024596810250000090e+01
-2.986655711999999596e+01
-3.031670594249999695e+01
-3.009214115125000433e+01
-3.022421002249999944e+01
-3.070921277999999788e+01
-3.075129985875000216e+01
-3.140591812249999748e+01
-3.159594297249999784e+01
-3.134521460624999989e+01
-3.153862762250000173e+01
-3.167706370374999736e+01
-3.213315463250000192e+01
-3.260997319250000004e+01
-3.293855976874999669e+01
-3.262867832249999367e+01
-3.214379048250000181e+01
-3.183394479500000074e+01
-3.113597846000000402e+01
-3.120399809000000602e+01
-3.142106818999999973e+01
-3.144766473624999747e+01
-3.251123404500000191e+01
-3.215085315750000206e+01
-3.186520314375000140e+01
-3.226698279374999601e+01
-3.130717659124999841e+01
-3.128725385625000044e+01
-3.160340452375000098e+01
-3.114069199875000393e+01
-3.213514471250000071e+01
-3.196121192124999766e+01
-3.143458819374999891e+01
-3.186952328749999452e+01
-3.119139265999999822e+01
-3.097161317000000125e+01
-3.144789147375000482e+01
-3.108522701249999898e+01
-3.172178840499999808e+01
-3.180200719749999649e+01
-3.107988309875000255e+01
-3.125272321624999705e+01
-3.090731239249999973e+01
-3.083356261249999974e+01
-3.109594321249999993e+01
-3.105932235750000103e+01
-3.129275417374999790e+01
-3.131995344125000358e+01
-3.103925109000000049e+01
-3.077737092874999902e+01
-3.066187429250000562e+01
-3.072377133249999659e+01
-3.075668358749999953e+01
-3.113617158000000273e+01
-3.115343022374999649e+01
-3.088766765624999877e+01
-3.105767774499999945e+01
-3.060765504749999977e+01
-3.056607293874999698e+01
-3.086662125625000641e+01
-3.065639114500000062e+01
-3.144112444000000295e+01
-3.140486264249999948e+01
-3.097349047624999940e+01
-3.143582463374999492e+01
-3.088968014749999824e+01
-3.098000454999999675e+01
-3.140052819250000127e+01
-3.107013511749999779e+01
-3.186945366749999664e+01
-3.179313278250000252e+01
-3.124030423249999799e+01
-3.168773603500000036e+01
-3.113522005000000092e+01
-3.125145864625000058e+01
-3.173608469875000182e+01
-3.148576569500000133e+01
-3.200614762374999600e+01
-3.192301201999999805e+01
-3.148132204999999928e+01
-3.160430288249999720e+01
-3.130535078125000226e+01
-3.138093948374999798e+01
-3.166725874000000118e+01
-3.175902676375000055e+01
-3.203314471249999684e+01
-3.188825082625000462e+01
-3.178560829250000097e+01
-3.157335948875000042e+01
-3.149569106000000218e+01
-3.171187114874999935e+01
-3.173838067124999895e+01
-3.212684440499999994e+01
-3.224498915624999995e+01
-3.191530418500000010e+01
-3.198387932874999962e+01
-3.163075661499999924e+01
-3.152617692875000088e+01
-3.180610966625000202e+01
-3.182954692874999481e+01
-3.224610591124999814e+01
-3.240017032624999871e+01
-3.186478042499999930e+01
-3.175396132500000235e+01
-3.149172639749999902e+01
-3.133063697999999775e+01
-3.147764492125000402e+01
-3.167624736000000141e+01
-3.171165609374999761e+01
-3.167509794249999899e+01
-3.146948337374999838e+01
-3.121451807124999789e+01
-3.111316227749999896e+01
-3.096838474249999607e+01
-3.108162117124999568e+01
-3.119250130749999528e+01
-3.108858990749999762e+01
-3.114835929875000176e+01
-3.086723255999999438e+01
-3.067410611999999759e+01
-3.065724325124999794e+01
-3.049073648375000190e+01
-3.055103755000000376e+01
-3.065062356125000420e+01
-3.058297610249999465e+01
-3.071227145125000035e+01
-3.065799784374999959e+01
-3.038184499625000257e+01
-3.046017241375000140e+01
-3.047378444624999716e+01
-3.045328021125000006e+01
-3.054762291875000102e+01
-3.058616685875000130e+01
-3.067792439624999901e+01
-3.085501861624999975e+01
-3.052301430500000023e+01
-3.050290489249999837e+01
-3.052498865124999838e+01
-3.049635410249999978e+01
-3.059759307000000206e+01
-3.078072476374999766e+01
-3.131074929249999528e+01
-3.170533871749999832e+01
-3.117025256249999643e+01
-3.061440825625000173e+01
-3.040685892000000479e+01
-3.043167304750000568e+01
-3.038127064624999463e+01
-3.039950060874999593e+01
-3.043519973750000318e+01
-3.035757398624999936e+01
-3.045855832000000163e+01
-3.063075184875000190e+01
-3.046412515624999884e+01
-3.058773780000000286e+01
-3.072850203500000177e+01
-3.082613706750000304e+01
-3.096074557250000225e+01
-3.117798662124999609e+01
-3.139490532874999573e+01
-3.199834466000000077e+01
-3.227282166500000216e+01
-3.239080476749999349e+01
-3.246375203000000198e+01
-3.240180110999999386e+01
-3.213108062874999860e+01
-3.163526940375000152e+01
-3.142641210500000071e+01
-3.107144117374999581e+01
-3.111545658249999846e+01
-3.109854936500000377e+01
-3.093606901125000519e+01
-3.138550043125000499e+01
-3.156355643249999687e+01
-3.147073793500000249e+01
-3.176549315374999694e+01
-3.144768428625000212e+01
-3.176636314249999771e+01
-3.230749082500000213e+01
-3.249394273875000039e+01
-3.326913857499999949e+01
-3.379387831750000259e+01
-3.391655659749999785e+01
-3.350933909250000653e+01
-3.251702332499999670e+01
-3.247297406250000051e+01
-3.318442511499999625e+01
-3.337920975499999798e+01
-3.419624042375000528e+01
-3.469374656624999886e+01
-3.476646685749999932e+01
-3.575369262625000033e+01
-3.619745850500000728e+01
-3.758999681374999824e+01
-3.892252540624999568e+01
-3.901809024874999920e+01
-3.809868526500000030e+01
