-2.035286377500000299e+01
-2.021976899499999902e+01
-2.045988033999999800e+01
-2.045754575000000131e+01
-2.053629683500000169e+01
-2.065024613499999617e+01
-2.077553938500000186e+01
-2.088820265500000062e+01
-2.069422911499999884e+01
-2.080927752499999883e+01
-2.098144339499999944e+01
-2.119317721499999863e+01
-2.116080330999999859e+01
-2.124193333499999881e+01
-2.122051810500000002e+01
-2.119952725999999998e+01
-2.130560730999999919e+01
-2.132164763500000149e+01
-2.148060273499999795e+01
-2.159868383000000236e+01
-2.140999315999999908e+01
-2.153296278999999913e+01
-2.158010529500000274e+01
-2.157511280500000339e+01
-2.171508453500000257e+01
-2.160673712999999907e+01
-2.176723288499999853e+01
-2.172321509499999692e+01
-2.193720721000000040e+01
-2.185387801500000293e+01
-2.168348025499999920e+01
-2.214240072999999853e+01
-2.183873461499999991e+01
-2.190424394000000063e+01
-2.170451401999999774e+01
-2.199336957000000226e+01
-2.209202860999999984e+01
-2.190225648500000233e+01
-2.206624316499999949e+01
-2.200377844500000180e+01
-2.232597731499999938e+01
-2.190105389000000002e+01
-2.205186223000000112e+01
-2.227617358499999867e+01
-2.203902386500000077e+01
-2.213824556999999871e+01
-2.216092775999999986e+01
-2.222297858499999990e+01
-2.227643679500000218e+01
-2.234205101499999913e+01
-2.245925998000000234e+01
-2.233261393499999770e+01
-2.225577734999999535e+01
-2.222100686000000280e+01
-2.240342950000000144e+01
-2.256924771499999949e+01
-2.263223790500000021e+01
-2.267436932500000069e+01
-2.267193126000000092e+01
-2.255969190000000069e+01
-2.271675633999999988e+01
-2.258206605000000167e+01
-2.265916680499999813e+01
-2.280528114999999900e+01
-2.288064288500000032e+01
-2.267350147999999876e+01
-2.278515862500000111e+01
-2.272322892500000080e+01
-2.276899956999999830e+01
-2.282875727500000096e+01
-2.278533362499999981e+01
-2.279845952000000153e+01
-2.284075306999999810e+01
-2.284885357499999969e+01
-2.253643893499999962e+01
-2.291735266999999965e+01
-2.283285569499999923e+01
-2.288935231500000000e+01
-2.274837826999999990e+01
-2.281351470000000248e+01
-2.328192709500000035e+01
-2.300887393500000044e+01
-2.333000181999999967e+01
-2.340511559499999805e+01
-2.351616668000000132e+01
-2.310080431499999776e+01
-2.342059754499999968e+01
-2.371079539500000166e+01
-2.304976701000000361e+01
-2.342416666999999819e+01
-2.331397914000000071e+01
-2.336940812499999964e+01
-2.314375304499999686e+01
-2.353480243500000313e+01
-2.339669416999999996e+01
-2.364325904000000023e+01
-2.334577988500000245e+01
-2.386495779999999911e+01
-2.355552863000000130e+01
-2.318572520500000422e+01
