-1.017615937500000101e+01
-1.010563278000000054e+01
-1.022562741499999994e+01
-1.022520780500000015e+01
-1.026482152500000034e+01
-1.032158898999999863e+01
-1.038484620500000055e+01
-1.044127987999999974e+01
-1.034446143499999948e+01
-1.040192031499999992e+01
-1.048877810999999838e+01
-1.059479522499999860e+01
-1.057860326499999992e+01
-1.061934184499999922e+01
-1.060907316000000122e+01
-1.059866762000000051e+01
-1.065196800000000010e+01
-1.066027545500000073e+01
-1.073979424999999921e+01
-1.079896974500000084e+01
-1.070499562499999868e+01
-1.076592969500000052e+01
-1.078954839000000021e+01
-1.078723238999999978e+01
-1.085754107500000032e+01
-1.080318307499999975e+01
-1.088329648499999891e+01
-1.086201667499999957e+01
-1.096869420500000025e+01
-1.092787551500000021e+01
-1.084279632000000149e+01
-1.107277726499999915e+01
-1.092144155000000083e+01
-1.095410919000000050e+01
-1.085280466000000033e+01
-1.099733018499999915e+01
-1.104642820000000114e+01
-1.095264672999999966e+01
-1.103437089499999857e+01
-1.100318240500000044e+01
-1.116445970000000010e+01
-1.095272874000000130e+01
-1.102821301999999903e+01
-1.114007711000000000e+01
-1.102173613999999979e+01
-1.107068871999999971e+01
-1.108284091499999846e+01
-1.112904595999999913e+01
-1.115636396000000019e+01
-1.118817757999999962e+01
-1.124605131000000036e+01
-1.118280982499999965e+01
-1.114408635499999889e+01
-1.112432145500000047e+01
-1.121666145000000014e+01
-1.129848050500000056e+01
-1.133123683500000034e+01
-1.135290956000000051e+01
-1.135135268999999880e+01
-1.129413985999999959e+01
-1.137392902000000028e+01
-1.130684089000000014e+01
-1.134507846500000028e+01
-1.141736363500000095e+01
-1.145624399000000082e+01
-1.135139703000000111e+01
-1.140785503000000034e+01
-1.137602900999999989e+01
-1.140072250000000054e+01
-1.142966413000000081e+01
-1.140857981999999993e+01
-1.141383122999999955e+01
-1.143590402499999925e+01
-1.144189214000000021e+01
-1.128218603000000009e+01
-1.147242307500000003e+01
-1.143152904000000092e+01
-1.145753383499999956e+01
-1.138887834500000018e+01
-1.141937684500000039e+01
-1.165430926500000020e+01
-1.152004050999999940e+01
-1.168039607500000088e+01
-1.171450423499999971e+01
-1.177177715000000013e+01
-1.156364535499999846e+01
-1.172442197499999850e+01
-1.186739253500000046e+01
-1.153767776000000111e+01
-1.172486733999999942e+01
-1.166922139500000100e+01
-1.169632482499999959e+01
-1.158570861499999971e+01
-1.178394031500000061e+01
-1.171488284499999999e+01
-1.183178662999999986e+01
-1.169184255000000050e+01
-1.194772767499999944e+01
-1.179013299500000045e+01
-1.160681104500000060e+01
