-1.018009041999999909e+01
-1.011163758500000043e+01
-1.023186302000000047e+01
-1.022918461999999984e+01
-1.026955794499999897e+01
-1.032599162500000034e+01
-1.038886260499999992e+01
-1.044534587500000100e+01
-1.034894037000000111e+01
-1.040667438000000011e+01
-1.049247598000000004e+01
-1.060012292500000086e+01
-1.058376216499999956e+01
-1.062435102000000064e+01
-1.061398935000000066e+01
-1.060423231000000044e+01
-1.065614032500000086e+01
-1.066392373500000090e+01
-1.074338245000000036e+01
-1.080342006000000055e+01
-1.070819949999999920e+01
-1.077069853999999971e+01
-1.079458332000000098e+01
-1.079239797500000009e+01
-1.086233091000000073e+01
-1.080918311499999973e+01
-1.088894080500000072e+01
-1.086794042500000046e+01
-1.097407674499999963e+01
-1.093287992000000131e+01
-1.084797667999999859e+01
-1.107825564999999912e+01
-1.092836141499999947e+01
-1.096058463500000002e+01
-1.085910844500000039e+01
-1.100388764499999894e+01
-1.105316209500000113e+01
-1.095918750000000053e+01
-1.104039048499999964e+01
-1.101020955499999943e+01
-1.117062377499999926e+01
-1.095934009000000131e+01
-1.103451775999999995e+01
-1.114795350500000026e+01
-1.102822732499999958e+01
-1.107723379000000108e+01
-1.109061907999999974e+01
-1.114687823999999949e+01
-1.117204570500000038e+01
-1.120506047499999980e+01
-1.126381158499999913e+01
-1.119880436999999951e+01
-1.115894555499999896e+01
-1.113905476999999955e+01
-1.123184489999999869e+01
-1.131301163999999915e+01
-1.134647416500000006e+01
-1.136826180999999991e+01
-1.136825895000000131e+01
-1.130984877999999938e+01
-1.138981008500000058e+01
-1.132343578000000051e+01
-1.136320686000000002e+01
-1.143438004999999968e+01
-1.147115181999999933e+01
-1.136768436000000015e+01
-1.142537736499999923e+01
-1.139286660500000004e+01
-1.141562079999999924e+01
-1.144701193999999944e+01
-1.142297648999999993e+01
-1.142956876499999908e+01
-1.145342111000000074e+01
-1.145464324499999975e+01
-1.130033588000000044e+01
-1.148767279999999857e+01
-1.144574641500000034e+01
-1.147783183499999993e+01
-1.140410089000000049e+01
-1.143590640500000077e+01
-1.167083024500000121e+01
-1.153508662999999856e+01
-1.169548701499999943e+01
-1.173214626000000038e+01
-1.179088210499999967e+01
-1.158597849999999951e+01
-1.174069689999999966e+01
-1.188366603499999918e+01
-1.155513858000000127e+01
-1.174118375499999978e+01
-1.168658017499999957e+01
-1.171761512000000138e+01
-1.160355376500000091e+01
-1.179773425499999995e+01
-1.173576641000000009e+01
-1.184773445000000081e+01
-1.171195125000000026e+01
-1.196895742000000062e+01
-1.180863856499999898e+01
-1.162290000499999998e+01
