-2.416618076666666681e+01
-2.422050984333333190e+01
-2.424124383500000235e+01
-2.488535626499999864e+01
-2.488737662166666453e+01
-2.538940238666667071e+01
-2.563273985833333413e+01
-2.577046028500000219e+01
-2.615313466166666601e+01
-2.612925720000000140e+01
-2.661062065500000173e+01
-2.680230188000000169e+01
-2.718947283166666296e+01
-2.764769061000000150e+01
-2.756043942333333163e+01
-2.809523820500000113e+01
-2.807981761166666601e+01
-2.828940136833332986e+01
-2.874718967666666458e+01
-2.866103076833333319e+01
-2.928117688166666355e+01
-2.944139846000000205e+01
-2.950967105000000501e+01
-2.990719111499999983e+01
-2.991224304666666001e+01
-3.011277500333333634e+01
-3.030073070166666582e+01
-3.056222502166666288e+01
-3.096232541333333188e+01
-3.098938433333333364e+01
-3.136329221666666456e+01
-3.133959102833333077e+01
-3.154192813166666554e+01
-3.189618651000000682e+01
-3.184823910333333785e+01
-3.244567950333333073e+01
-3.246016581833334413e+01
-3.255258544333333504e+01
-3.304044056000000040e+01
-3.265682569833333559e+01
-3.308161942166666591e+01
-3.333374261666666172e+01
-3.334838994333333773e+01
-3.400290616166666524e+01
-3.391343847999999639e+01
-3.409003893666667295e+01
-3.436385186499999378e+01
-3.406638320166666034e+01
-3.453008524333333185e+01
-3.463964573666666524e+01
-3.480713335499999772e+01
-3.531698640166666792e+01
-3.520378176166666861e+01
-3.537168280333333570e+01
-3.543070666166666882e+01
-3.546214405666666636e+01
-3.569499699166666318e+01
-3.586646779333333512e+01
-3.628327528666667234e+01
-3.639744186499999756e+01
-3.658159796333333702e+01
-3.669557619166666740e+01
-3.661819537499999910e+01
-3.663348420499999492e+01
-3.688938840166666466e+01
-3.698572365333333067e+01
-3.729697227500000167e+01
-3.761887041833333001e+01
-3.753785896333332772e+01
-3.778382651166666761e+01
-3.766415039666666331e+01
-3.761310275500000699e+01
-3.796563053166666890e+01
-3.799932463999999754e+01
-3.844175879333333512e+01
-3.862949005833332450e+01
-3.825535996833333741e+01
-3.859671926499999728e+01
-3.853795019666667088e+01
-3.857886711666667168e+01
-3.892276413999999818e+01
-3.883591604166667111e+01
-3.947906605333333374e+01
-3.942178726000000211e+01
-3.938297478166666821e+01
-3.959930737833333581e+01
-3.938365157333333144e+01
-3.951689179666667684e+01
-3.985624837833332634e+01
-3.994278319666666732e+01
-4.059487024833332924e+01
-3.993501901500000173e+01
-4.015870253333333295e+01
-4.030041345000000064e+01
-4.023389609499999864e+01
-4.087136713833333346e+01
-4.063541571333333025e+01
-4.084231313166666411e+01
-4.150331672000000793e+01
-4.136009836000000206e+01
-4.139856656333333262e+01
-4.167507918666667166e+01
-4.121000607999999943e+01
-4.192215808166666591e+01
-4.180858803000000279e+01
-4.217778555499999982e+01
-4.242678530999999253e+01
-4.213884163000000171e+01
-4.228305164999999732e+01
-4.235782845666665963e+01
-4.251266654333333150e+01
-4.384830378666666917e+01
-4.324864529666666613e+01
-4.358840765666666783e+01
-4.382878953499999852e+01
-4.309867826000000690e+01
-4.340974361666666681e+01
-4.371269337000000377e+01
-4.334518400166666652e+01
-4.461050238833333736e+01
-4.392888083666667143e+01
-4.388774045166667293e+01
-4.377664883166666954e+01
-4.416952464999999961e+01
-4.509080758666666355e+01
-4.409534341666667245e+01
-4.479358830833333371e+01
-4.504563377499999888e+01
-4.585490065999999842e+01
-4.671130004166666794e+01
-4.586972758833334041e+01
-4.618286401499999982e+01
-4.708229126500000206e+01
-4.549113400166666565e+01
-4.662567995833333612e+01
-4.602828770833332328e+01
-4.648438929333332936e+01
-4.647856917499999696e+01
-4.851822439166667067e+01
-4.774757782166665976e+01
-4.795984314833333428e+01
-4.768337392333332758e+01
-4.754940938166666342e+01
-4.674170620166666623e+01
-5.043925633999999292e+01
-4.643145861333334068e+01
-4.654293788333333026e+01
-4.811435237333333248e+01
-4.572024995833333350e+01
-4.688433628666666664e+01
-4.706688242999999972e+01
-4.964910252166666282e+01
-4.900122227666667385e+01
-4.732332451666666628e+01
-4.723591994666666238e+01
-4.797203682666665969e+01
-4.904713152666666787e+01
-4.669098914833332969e+01
-4.778981031500000398e+01
-4.675075497666666280e+01
-4.703523840333333084e+01
-4.786511800666666971e+01
-4.775310180833333362e+01
-4.916362062000001032e+01
-4.859026621000000290e+01
-4.563266833666667566e+01
-4.890290179000000848e+01
-4.840505947166666800e+01
-4.825505414333333221e+01
-4.631299383000000347e+01
-4.675824084333333985e+01
-4.657933565999999814e+01
-4.628476952166666791e+01
-4.984315537500000204e+01
-4.778668799833332770e+01
-4.575043962333333525e+01
-4.735881725833334599e+01
-4.557587002333333004e+01
-4.707917386333334520e+01
-4.618635319833332886e+01
-4.656173147333333162e+01
-4.621163811499999952e+01
-4.545610186499999372e+01
-4.591361838499999948e+01
-4.553648312333334047e+01
-4.580365465833333616e+01
-4.584996190999999754e+01
-4.603939214999999052e+01
-4.554142330999999899e+01
-4.721528736166666818e+01
-4.526214645166666628e+01
-4.548291315333333529e+01
-4.564526778000000462e+01
-4.653106116000000725e+01
-4.652406755000000516e+01
-4.591310467499999959e+01
-4.521296562666666574e+01
-4.543111132333333302e+01
-4.576526497666666415e+01
-4.584257775000000379e+01
-4.596287645000000310e+01
-4.483414584999999875e+01
-4.588355681666666896e+01
-4.617935019166666422e+01
-4.602706923333334288e+01
-4.516878602999999970e+01
-4.577200952166666781e+01
-4.446145993833334131e+01
-4.505428186000000323e+01
-4.492164070666667186e+01
-4.486314534499999951e+01
-4.497834474333333077e+01
-4.464781918333333266e+01
-4.437752197833333412e+01
-4.472713341833333089e+01
-4.466675313166666683e+01
-4.407993140999999326e+01
-4.498255696166666695e+01
-4.366529671166666304e+01
-4.426762848333333977e+01
-4.467667069000000168e+01
-4.447813176999999740e+01
-4.415473142833332787e+01
-4.431805165333333463e+01
-4.380901782000000111e+01
-4.449005698666667286e+01
-4.470821188333332685e+01
-4.511143713833333635e+01
-4.447929412499999557e+01
-4.370177809333333130e+01
-4.506970786166667153e+01
-4.436219310833333651e+01
-4.513334017999999759e+01
-4.412537670000000389e+01
-4.431012248499999373e+01
-4.476304752166666390e+01
-4.406178791833333008e+01
-4.452203432166665920e+01
-4.415869331333333747e+01
-4.451152356000000054e+01
-4.431053415666666950e+01
-4.390650431333333614e+01
-4.453250470500000091e+01
-4.386648464333333663e+01
-4.363433456333333282e+01
-4.462564181499999449e+01
-4.419615586666666474e+01
-4.341238530499999371e+01
-4.399450842499999226e+01
-4.390495491166667108e+01
-4.383163929000000536e+01
-4.403509171500000008e+01
-4.365003744833333599e+01
-4.448865984666667117e+01
-4.378641001333333094e+01
-4.390944417333333405e+01
-4.408339246166666925e+01
-4.372476482500000117e+01
-4.313086668833333448e+01
-4.360490163166667088e+01
-4.322908719333332783e+01
-4.352490234499999389e+01
-4.347658666000000238e+01
-4.348231188666667180e+01
-4.294433180499999736e+01
-3.018260701333333529e+01
-2.982083606666666853e+01
-2.988989067166666658e+01
-3.030177148166666612e+01
-3.006953398500000318e+01
-3.028281752000000537e+01
-3.041728846166666855e+01
-3.014444669166666912e+01
-3.009137058166666634e+01
-3.021239821166666673e+01
-2.992650636000000119e+01
-3.051720905166666498e+01
-3.014439233000000229e+01
-3.048065662499999462e+01
-3.037743822666666915e+01
-3.034059969666666134e+01
-3.052302360500000233e+01
-3.040493234000000200e+01
-3.043478584166666678e+01
-3.068782075166666701e+01
-3.064645926166667422e+01
-3.121151829000000077e+01
-3.074991353333333066e+01
-3.069873428500000401e+01
-3.039668814333333557e+01
-3.048853492666667009e+01
-3.079461860666667050e+01
-3.090755748999999852e+01
-3.127840677999999741e+01
-3.081405957500000525e+01
-3.118272908666666510e+01
-3.078949197166666707e+01
-3.113607819833333323e+01
-3.067889754166666805e+01
-3.095067787166666662e+01
-3.107058302499999414e+01
-3.145020580333333626e+01
-3.140169588666666911e+01
-3.079411188666666988e+01
-3.110897413833332692e+01
-3.072054290666666887e+01
-3.106942049666666605e+01
-3.123974418833333289e+01
-3.090522511833333397e+01
-3.071409829333333619e+01
-3.132413768833333378e+01
-3.067047182833333352e+01
-3.095224317000000269e+01
-3.074184576666666757e+01
-3.027696355166666820e+01
-3.101097679333333090e+01
-3.071496455000000125e+01
-3.134011681833333185e+01
-3.104076862500000189e+01
-3.106759166833333552e+01
-3.057130908999999619e+01
-3.045773855833333243e+01
-3.076404762166666274e+01
-3.073755200666666454e+01
-3.039608383333333563e+01
-3.065518919666666520e+01
-3.061126804166666560e+01
-3.056397501499999336e+01
-3.020371246333333204e+01
-3.030445416666666247e+01
-3.053490765833332787e+01
-3.004068438333333191e+01
-3.051719570000000203e+01
-3.079761696000000271e+01
-3.052672513500000306e+01
-3.087788041333333311e+01
-3.022718620333333561e+01
-3.048631159666666335e+01
-3.073007297166666874e+01
-3.059903971333333672e+01
-3.024228604666666342e+01
-3.066246509666667563e+01
-3.004807377000000201e+01
-3.024902216499999597e+01
-3.033334254999999757e+01
-3.038552602166666361e+01
-3.035452620166666904e+01
-3.045398139833333673e+01
-3.081307538333333795e+01
-3.045609442333333661e+01
-3.069053173166667037e+01
-3.056603717833333178e+01
-3.064256827000000172e+01
-3.112447548000000097e+01
-3.056080023666666534e+01
-3.108687941333333526e+01
-3.154862499333333403e+01
-3.092975711833333108e+01
-3.109862200333333249e+01
-3.072988414833332982e+01
-3.090999476000000001e+01
-3.113784313166667062e+01
-3.087459881999999922e+01
-3.136601893166666954e+01
-3.173696676833333186e+01
-3.088199424833333140e+01
-3.118503284333333170e+01
-3.091519228666666663e+01
-3.101819928333333465e+01
-3.132916323333333253e+01
-3.098608112333333509e+01
-3.123500410666666127e+01
-3.155199495999999826e+01
-3.094048372833333360e+01
-3.085106499833332805e+01
-3.068714745666666488e+01
-3.094914849666666612e+01
-3.103299077500000180e+01
-3.114426580999999672e+01
-3.121914259666666780e+01
-3.140759817833333400e+01
-3.079416211500000244e+01
-3.079096539833334134e+01
-3.088261095333333017e+01
-3.077139854500000027e+01
-3.080748208333332983e+01
-3.053754933500000490e+01
-3.067842070166666701e+01
-3.064529991166666534e+01
-3.065315405666666493e+01
-3.071528943166666537e+01
-3.049782403333333036e+01
-3.050683117000000166e+01
-3.067818069666666858e+01
-3.055408732000000427e+01
-3.077255948500000216e+01
-3.085789298999999630e+01
-3.102356656499999943e+01
-3.072439511333332618e+01
-3.098071956666666793e+01
-3.077653217499999982e+01
-3.062675984833333231e+01
-3.069544855666666194e+01
-3.080028597499999776e+01
-3.060048103166666422e+01
-3.052149708833333364e+01
-3.083833821666666708e+01
-3.062951723833333517e+01
-3.071483643999999913e+01
-3.061290168666666034e+01
-3.058192062500000574e+01
-3.075180626166666897e+01
-3.046324539333333448e+01
-3.066408856833333729e+01
-3.067678832999999727e+01
-3.053354994333333039e+01
-3.066515922500000713e+01
-3.085624917166666492e+01
-3.110974184833332856e+01
-3.079642899666666622e+01
-3.084201749166666673e+01
-3.081815910333333974e+01
-3.075715732499999788e+01
-3.078257274666666277e+01
-3.095796489499999993e+01
-3.122240861333332873e+01
-3.123115857499999848e+01
-3.083817926833333800e+01
-3.104947662500000050e+01
-3.134229055999999858e+01
-3.079375298833333829e+01
-3.088255119333333809e+01
-3.107909583999999725e+01
-3.070852565666666578e+01
-3.105583667833332484e+01
-3.108166630999999924e+01
-3.134662787166666931e+01
-3.082517242500000165e+01
-3.094380537666667053e+01
-3.107374127666666652e+01
-3.064368502333333666e+01
-3.075398667666666697e+01
-3.105022525833333091e+01
-3.084445063333333437e+01
-3.101584307500000293e+01
-3.125248368666666465e+01
-3.078645292999999938e+01
-3.070482571999999877e+01
-3.068780835499999782e+01
-3.083568096166666805e+01
-3.113798617999999863e+01
-3.089496580833333539e+01
-3.113443470333332996e+01
-3.123884328333333471e+01
-3.076510270500000033e+01
-3.070402622166666973e+01
-3.071832593333333605e+01
-3.098902543499999851e+01
-3.109046109499999844e+01
-3.104864883500000516e+01
-3.147689469666666540e+01
-3.112025356166666867e+01
-3.073168945333333113e+01
-3.091244570333333286e+01
-3.076679865499999877e+01
-3.089323775166666408e+01
-3.073365974333333028e+01
-3.052830505333333733e+01
-3.115800062666666648e+01
-3.070260111499999667e+01
-3.060607655833333141e+01
-3.064229393000000456e+01
-3.035924911500000078e+01
-3.062011019333333550e+01
-3.053946844833332719e+01
-3.038596884333333392e+01
-3.077533880833333058e+01
-3.021387386333333325e+01
-3.021166674166666510e+01
-3.021192201166666180e+01
-3.013997904500000402e+01
-3.034107589666666627e+01
-3.021067365000000038e+01
-3.024165566833333330e+01
-3.034488487166666459e+01
-3.009191703500000514e+01
-3.011045201500000346e+01
-2.998393408499999779e+01
-3.015808804666666632e+01
-3.023535696666667150e+01
-3.010823281499999737e+01
-3.026280816333333235e+01
-3.007849820333333568e+01
-2.989805189666666863e+01
-2.985988013000000407e+01
-2.972921689333333006e+01
-2.996725654666667182e+01
-2.993152586500000112e+01
-2.978377946166666845e+01
-3.000104109499999439e+01
-2.966835530500000218e+01
-2.959033870666667099e+01
-2.966988213833333177e+01
-2.955373509666666010e+01
-2.985005601166666622e+01
-2.988849258666666842e+01
-2.967152277666666649e+01
-3.002173264833333022e+01
-2.963209724333333384e+01
-2.956295839666666936e+01
-2.970255883499999427e+01
-2.950537903999999756e+01
-2.995814100833333171e+01
-2.998451042333333305e+01
-2.986036999999999964e+01
-3.026584211666666491e+01
-2.999449952333333513e+01
-2.991095415666666568e+01
-2.975314966833333230e+01
-2.962735589333333053e+01
-2.992637093833333495e+01
-2.973890082333333496e+01
-2.981269963500000131e+01
-2.975430138999999841e+01
-2.947259521333333510e+01
-2.960282039666666165e+01
-2.949525038500000207e+01
-2.979595438500000171e+01
-3.010653368833333232e+01
-2.996810849500000629e+01
-3.034357579500000313e+01
-3.013534577833333117e+01
-3.012649218333332968e+01
-3.018783028666666723e+01
-2.977928129833333060e+01
-3.008694775833333424e+01
-3.003214740833333352e+01
-2.984303633333333394e+01
-3.021185620666666694e+01
-2.969122918333333416e+01
-2.969407177166666756e+01
-2.992031160999999884e+01
-2.967204316500000161e+01
-3.010494295833333567e+01
-3.004200076999999780e+01
-2.976226583999999775e+01
-3.005535538999999901e+01
-2.965205160833332698e+01
-2.971783479166666453e+01
-2.974406719166666235e+01
-2.958707014666666524e+01
-2.992158508333333700e+01
-3.004997348666666923e+01
-2.993638197666666656e+01
-3.005620956333332927e+01
-2.986070728166666655e+01
-2.967902342666666371e+01
-2.978996372333333298e+01
-2.980321788999999910e+01
-2.988761138833332964e+01
-3.000179799333333719e+01
-2.998492463499999872e+01
-2.989681402833333479e+01
-2.986000347166666913e+01
-2.975824832833333389e+01
-2.969296709666666700e+01
-2.981323242166666532e+01
-2.984951400666666288e+01
-2.963183816166666773e+01
-2.975203704666666837e+01
-2.953158855500000257e+01
-2.947495905666666616e+01
-2.969309520666666913e+01
-2.948197237499999801e+01
-2.967184988833333747e+01
-2.980932776333333223e+01
-2.946826172000000099e+01
-2.973937193666666801e+01
-2.955908997999999954e+01
-2.941419823999999394e+01
-2.958384354833333418e+01
-2.934278170333333335e+01
-2.949246343000000081e+01
-2.955818494000000030e+01
-2.932574272000000448e+01
-2.955788008499999719e+01
-2.929363218833333349e+01
-2.926243877500000323e+01
-2.936883386000000584e+01
-2.927863756833333397e+01
-2.938386313000000527e+01
-2.929522323666665784e+01
-2.922798792499999720e+01
-2.924997965666666744e+01
-2.916291904499999887e+01
-2.925037479333333579e+01
-2.928941695000000323e+01
-2.936524200333333212e+01
-2.950611941000000016e+01
-2.933875401999999966e+01
-2.972232564333333471e+01
-2.931787745166667136e+01
-2.935370254666666412e+01
-2.957396093999999565e+01
-2.935509299999999655e+01
-2.965265560166666603e+01
-2.967881011999999785e+01
-2.948986434833333092e+01
-2.983430608166666431e+01
-2.959097607833333043e+01
-2.969575309666666740e+01
-2.992735767333333641e+01
-2.962861887666666405e+01
-2.992730013333333261e+01
-2.991918817999999547e+01
-2.977954800833333238e+01
-3.008156585500000446e+01
-2.992142772833333098e+01
-3.000200017333332880e+01
-3.012802759833333255e+01
-2.995003350499999684e+01
-3.008695157333333370e+01
-3.008761946333333626e+01
-3.007509453999999849e+01
-3.021463012666666259e+01
-3.019740454500000126e+01
-3.023171806166666897e+01
-3.015635108833333433e+01
-3.012587515499999924e+01
-3.010235691000000102e+01
-3.006476910666666313e+01
-3.015258471333333645e+01
-3.008238792666666583e+01
-3.001501528166666688e+01
-3.012527275166666740e+01
-2.989887650666666730e+01
-2.989212004500000219e+01
-2.989274755833332975e+01
-2.967311127999999698e+01
-2.981505044166665996e+01
-2.974241924166666351e+01
-2.960937627499999891e+01
-2.977141094333333271e+01
-2.958184274166666583e+01
-2.955537637166666798e+01
-2.962859026500000326e+01
-2.955360444500000128e+01
-2.953894074666666825e+01
-2.951388073000000034e+01
-2.943943945500000225e+01
-2.953203010500000048e+01
-2.959390671833332931e+01
-2.949260647999999563e+01
-2.950309562833333032e+01
-2.950572045666666554e+01
-2.943059317333333169e+01
-2.944312508833333553e+01
-2.946922270500000351e+01
-2.948141161499999896e+01
-2.959290218499999980e+01
-2.960556284500000501e+01
-2.951178932166666868e+01
-2.959172948166666473e+01
-2.948848597333333643e+01
-2.940620358833333015e+01
-2.957096799333332982e+01
-2.949686209333333053e+01
-2.959388669333333155e+01
-2.966773891500000104e+01
-2.950278663500000320e+01
-2.963508510500000170e+01
-2.956926918166667306e+01
-2.956631660333333755e+01
-2.981701246666666449e+01
-2.957325331499999876e+01
-2.962346362999999982e+01
-2.975862662000000114e+01
-2.973559188666666842e+01
-2.992692883666667214e+01
-2.986509100666666328e+01
-2.975004100833332998e+01
-2.992411390999999909e+01
-2.970090071333332915e+01
-2.972855282000000088e+01
-2.988935693333333532e+01
-2.984650961666666902e+01
-3.011869144666666287e+01
-3.017017110166666782e+01
-3.003462759666666670e+01
-3.006052875500000354e+01
-2.997492758333332930e+01
-2.994925340000000347e+01
-3.006757608999999931e+01
-3.016983826999999962e+01
-3.031909084166666801e+01
-3.035354201000000174e+01
-3.025853729333333675e+01
-3.003649393833333292e+01
-3.001643530500000168e+01
-3.001302623666667202e+01
-2.997617657833332672e+01
-3.020690854333333775e+01
-3.014524396166666875e+01
-3.003271325500000088e+01
-3.011093075999999868e+01
-2.985336780333332740e+01
-2.985534254833333634e+01
-2.985760943000000012e+01
-2.974170335166666845e+01
-3.003069973166666884e+01
-3.001014105333333148e+01
-2.987065092499999608e+01
-3.003369521999999847e+01
-3.005706246666666814e+01
-3.003574466666666964e+01
-3.008177184999999909e+01
-3.001008415166666055e+01
-3.016387780666666529e+01
-3.018081760500000144e+01
-3.009226926166666871e+01
-3.021529706333333465e+01
-3.043093967499999408e+01
-3.028375879833333428e+01
-3.028205077000000145e+01
-3.040103530833333423e+01
-3.041843319000000179e+01
-3.050138282666667067e+01
-3.048652934999999786e+01
-3.035931205666666344e+01
-3.064485836000000063e+01
-3.050568707833332738e+01
-3.048365020833333361e+01
-3.092598470000000077e+01
-3.088527393333333748e+01
-3.076511192333333256e+01
-3.089112281833333284e+01
-3.060201994499999856e+01
-3.099917348166666287e+01
-3.103455988666666698e+01
-3.101792685166666175e+01
-3.160086600166666315e+01
-3.135082467500000192e+01
-3.117662525333333789e+01
-3.128789933666666556e+01
-3.097490437999999813e+01
-3.124645487500000129e+01
-3.136338933166666720e+01
-3.155335807833333206e+01
-3.205011590166666480e+01
-3.188335990833333611e+01
-3.169496694999999775e+01
-3.155343818833333458e+01
-3.149876212999999936e+01
-3.172168477500000350e+01
-3.187980429333333277e+01
-3.218970457666666363e+01
-3.226647917333333027e+01
-3.209034252166666334e+01
-3.190234947333333437e+01
-3.151317469000000315e+01
-3.174659665500000116e+01
-3.171193472666666935e+01
-3.173024527166666431e+01
-3.224468644333333600e+01
-3.198943487833333776e+01
-3.182467969500000038e+01
-3.183693631499999910e+01
-3.137261549500000157e+01
-3.156732114166666747e+01
-3.149116738500000068e+01
-3.139219888166666195e+01
-3.193091392333333189e+01
-3.161816851333333034e+01
-3.151479307833333721e+01
-3.161250241666666128e+01
-3.167604319166666826e+01
-3.178542200666666773e+01
-3.192415523333332672e+01
-3.215634060000000005e+01
-3.238313452333333231e+01
-3.231285444833333287e+01
-3.225644652000000434e+01
-3.190036582833333512e+01
-3.205604584999999673e+01
-3.201365057499999978e+01
-3.175207106166666904e+01
-3.226441573999999690e+01
-3.199865055000000424e+01
-3.208426634499999608e+01
-3.228600311166666614e+01
-3.179331270833333178e+01
-3.221714623833333491e+01
-3.226133283000000063e+01
-3.211975892666666965e+01
-3.282502079000000350e+01
-3.227810255833333741e+01
-3.222409757000000496e+01
-3.261761061333333345e+01
-3.215171527833333442e+01
-3.248607667333332927e+01
-3.262866846833333767e+01
-3.250129922166667029e+01
-3.327787844333333567e+01
-3.289574877166666766e+01
-3.267551072500000231e+01
-3.290394624000000334e+01
-3.268734868499999635e+01
-3.301257324333333543e+01
-3.323785209833333454e+01
-3.326787535333333778e+01
-3.372517681166666392e+01
-3.351852035333333646e+01
-3.316453774666666021e+01
-3.312119706499999694e+01
-3.318985048833333451e+01
-3.339074674999999814e+01
-3.350996399166666606e+01
-3.379710865000000553e+01
-3.371036656666667142e+01
-3.363512643166667004e+01
-3.348529624833333429e+01
-3.305150063666666682e+01
-3.334540589499999896e+01
-3.338236045833333066e+01
-3.346603107333333327e+01
-3.409757518833333023e+01
-3.354441992333333644e+01
-3.338542652166666613e+01
-3.361167812333332705e+01
-3.292490228000000485e+01
-3.320195579666667385e+01
-3.319008858833333164e+01
-3.303269163833333977e+01
-3.377893130166666680e+01
-3.321001942833333231e+01
-3.299073632500000031e+01
-3.318608538333333513e+01
-3.279109064666666740e+01
-3.281092580333332620e+01
-3.298580455833332792e+01
-3.276675128833333162e+01
-3.311558564499999591e+01
-3.292295138166666391e+01
-3.261286195166666602e+01
-3.260508505666667389e+01
-3.258498477833332885e+01
-3.260019048166666522e+01
-3.260467529333333658e+01
-3.262506262333333495e+01
-3.265954748666666774e+01
-3.253718725833333281e+01
-3.250750446500000379e+01
-3.226533953333333216e+01
-3.236658477833332626e+01
-3.233477020333333485e+01
-3.229102706999999839e+01
-3.253663985166667061e+01
-3.237821070500000076e+01
-3.218036778833333500e+01
-3.236634222833333041e+01
-3.214123312500000651e+01
-3.218035602500000181e+01
-3.229752540333333144e+01
-3.219844309499999468e+01
-3.257884343666666638e+01
-3.245622634833333109e+01
-3.230822245333333598e+01
-3.246311378333333408e+01
-3.243916003000000359e+01
-3.244320614833333138e+01
-3.255874029666666303e+01
-3.246957174833332971e+01
-3.279914347000000419e+01
-3.266359265666667255e+01
-3.238886737833333029e+01
-3.250718498000000523e+01
-3.255923461999999091e+01
-3.244308185666667299e+01
-3.246642526000000117e+01
-3.249817085000000105e+01
-3.262010160999999897e+01
-3.260143311999999582e+01
-3.244377358666666566e+01
-3.237949180666667104e+01
-3.246749750833333081e+01
-3.240092627333333297e+01
-3.239978503999999759e+01
-3.250176715833332963e+01
-3.252595488166667081e+01
-3.251940568333333204e+01
-3.261423778833333387e+01
-3.263113117333333690e+01
-3.261167812500000451e+01
-3.273317655166666640e+01
-3.272868951166666562e+01
-3.277009264666666866e+01
-3.298283799499999702e+01
-3.285381603333333089e+01
-3.296879323166665898e+01
-3.309252134999999839e+01
-3.282579390000000075e+01
-3.300556278166666857e+01
-3.305176766666667021e+01
-3.299380620500000560e+01
-3.340753046666666393e+01
-3.323635895999999690e+01
-3.332126649166666965e+01
-3.345965703499999933e+01
-3.323379612166667130e+01
-3.320155270833333105e+01
-3.336674690166666579e+01
-3.336050669166666438e+01
-3.357871214666666759e+01
-3.388155682833333771e+01
-3.382376639000000296e+01
-3.381088860833333598e+01
-3.368643442833333523e+01
-3.347985299333333131e+01
-3.373837311999999855e+01
-3.384934393666667063e+01
-3.404062366500000536e+01
-3.428677526999999969e+01
-3.413313166333333015e+01
-3.406765619666666822e+01
-3.388618246666666778e+01
-3.380168787666666930e+01
-3.392549228666666750e+01
-3.415228843833333627e+01
-3.450194136166666681e+01
-3.458467102166667217e+01
-3.437578201499999864e+01
-3.439620113333332796e+01
-3.415435346000000294e+01
-3.431910578499999787e+01
-3.435129833166666913e+01
-3.445263544666666888e+01
-3.510056559166666545e+01
-3.493835353833333812e+01
-3.493321037166666798e+01
-3.473781299499999875e+01
-3.439662647166667142e+01
-3.479270617333333604e+01
-3.466151142166666688e+01
-3.480554326333333393e+01
-3.538394197000000219e+01
-3.499768384333333415e+01
-3.523412164166666116e+01
-3.502305507666667239e+01
-3.453308773166666157e+01
-3.495517031166667010e+01
-3.483432992666666905e+01
-3.495260651833333299e+01
-3.549571991166666862e+01
-3.502437750499999680e+01
-3.520028527666666918e+01
-3.535247103500000065e+01
-3.466667715666667249e+01
-3.503479925666666617e+01
-3.521912479499999904e+01
-3.522203635999999705e+01
-3.545950635333333167e+01
-3.522364870333333187e+01
-3.505701796166666639e+01
-3.508704725999999852e+01
-3.490265115166666732e+01
-3.476110108666667031e+01
-3.495283762500000080e+01
-3.538648923166666549e+01
-3.530066076833333710e+01
-3.532601547000000153e+01
-3.509947808499999411e+01
-3.486056581999999793e+01
-3.513242530666666852e+01
-3.521944872333332910e+01
-3.517398357333333792e+01
-3.595440801166666489e+01
-3.566470749999999867e+01
-3.569940439833333556e+01
-3.580468781833334191e+01
-3.523238531666667228e+01
-3.582635148166666994e+01
-3.614832655666666739e+01
-3.601689147833332783e+01
-3.672376187666667136e+01
-3.637171936166667052e+01
-3.615795008333332561e+01
-3.638846492666666421e+01
-3.571698538500000808e+01
-3.610246848999999969e+01
-3.666429678500000477e+01
-3.640000502166666507e+01
-3.697204176666667053e+01
-3.663858667833333271e+01
-3.620950348999999591e+01
-3.650137201833332767e+01
-3.596212832333333154e+01
-3.632970142333332575e+01
-3.674175357833333067e+01
-3.662768205166666746e+01
-3.718244838500000071e+01
