-1.043279571100000069e+01
-1.041687831399999986e+01
-1.040275087100000029e+01
-1.040557174299999943e+01
-1.034135236199999852e+01
-1.041718549300000163e+01
-1.044164762199999963e+01
-1.045214271200000056e+01
-1.044662131599999988e+01
-1.043734511900000150e+01
-1.042281465099999949e+01
-1.043058538000000013e+01
-1.043606872100000160e+01
-1.043689097899999929e+01
-1.043428210799999967e+01
-1.043047847400000094e+01
-1.041001576899999925e+01
-1.039902324200000017e+01
-1.041089114699999918e+01
-1.043972014800000103e+01
-1.046061706000000058e+01
-1.046766805100000042e+01
-1.046642608099999983e+01
-1.046971787800000087e+01
-1.047306851899999991e+01
-1.048438052800000087e+01
-1.051891021300000162e+01
-1.054404716099999995e+01
-1.052976550599999861e+01
-1.049647855299999932e+01
-1.047011995000000084e+01
-1.046543464300000004e+01
-1.047102412700000151e+01
-1.048473977699999971e+01
-1.050581168799999965e+01
-1.050885972400000057e+01
-1.048824462299999816e+01
-1.046598614999999910e+01
-1.047585563099999817e+01
-1.049504680199999918e+01
-1.051897830500000097e+01
-1.053110150700000069e+01
-1.058470468099999984e+01
-1.053162307300000045e+01
-1.052647246799999792e+01
-1.053529395500000021e+01
-1.056609992499999962e+01
-1.059039201299999888e+01
-1.057618159800000157e+01
-1.054751786599999974e+01
-1.053017873299999962e+01
-1.052071046500000051e+01
-1.052523536300000018e+01
-1.054609813200000090e+01
-1.057145137400000046e+01
-1.056569613799999985e+01
-1.054052686399999850e+01
-1.052221707800000061e+01
-1.052406568100000150e+01
-1.055093412100000094e+01
-1.057770928700000113e+01
-1.059364051399999873e+01
-1.059803714300000266e+01
-1.058103017299999848e+01
-1.056649484099999903e+01
-1.056890000900000004e+01
-1.058424415200000013e+01
-1.060285090900000071e+01
-1.061723880399999942e+01
-1.061753997400000138e+01
-1.061415938899999922e+01
-1.060248689199999994e+01
-1.058138675300000031e+01
-1.057526416400000002e+01
-1.058051776400000143e+01
-1.058168992600000102e+01
-1.058429421800000014e+01
-1.059447145000000212e+01
-1.060909270600000021e+01
-1.061588115200000182e+01
-1.060479459399999946e+01
-1.059786281199999891e+01
-1.059701232399999959e+01
-1.060544690600000095e+01
-1.060735492199999896e+01
-1.062075566800000104e+01
-1.062751903000000020e+01
-1.062314090199999939e+01
-1.061461877300000012e+01
-1.060630817000000015e+01
-1.061114863899999960e+01
-1.060778598199999934e+01
-1.059489659800000005e+01
-1.058617533999999871e+01
-1.058844165200000020e+01
-1.058420304899999920e+01
-1.058940734300000130e+01
-1.059518479900000010e+01
-1.060370702399999843e+01
-1.060647382199999988e+01
