-1.041191196000000119e+01
-1.039698313999999968e+01
-1.038197802999999908e+01
-1.038539552499999985e+01
-1.032147263999999964e+01
-1.039806938000000081e+01
-1.042158459999999920e+01
-1.043193292499999991e+01
-1.042670869499999853e+01
-1.041755771000000053e+01
-1.040266322999999993e+01
-1.041131877499999980e+01
-1.041687201999999957e+01
-1.041731547500000055e+01
-1.041407346499999953e+01
-1.040974998000000085e+01
-1.038981198500000147e+01
-1.037850379500000031e+01
-1.039109896999999982e+01
-1.042066477999999918e+01
-1.044066905500000075e+01
-1.044728755499999906e+01
-1.044628858499999957e+01
-1.045025872999999983e+01
-1.045384931499999936e+01
-1.046527671499999990e+01
-1.049940442500000159e+01
-1.052409934499999977e+01
-1.051007509000000084e+01
-1.047675561500000008e+01
-1.045066547000000057e+01
-1.044600152499999979e+01
-1.045121908000000133e+01
-1.046554183499999979e+01
-1.048648118499999882e+01
-1.048897027499999979e+01
-1.046865320000000033e+01
-1.044616937500000020e+01
-1.045661353499999890e+01
-1.047596168000000105e+01
-1.049952745000000043e+01
-1.051156710999999966e+01
-1.056381893000000005e+01
-1.051245403000000067e+01
-1.050622653499999970e+01
-1.051600503499999917e+01
-1.054663991500000009e+01
-1.057149075999999965e+01
-1.055685281499999917e+01
-1.052848672500000049e+01
-1.051095151500000036e+01
-1.050162695999999940e+01
-1.050636338500000022e+01
-1.052744912500000041e+01
-1.055259561000000090e+01
-1.054566859500000042e+01
-1.052076196000000152e+01
-1.050145434999999949e+01
-1.050396156000000047e+01
-1.053062438499999942e+01
-1.055779885499999970e+01
-1.057419824000000119e+01
-1.057803725999999855e+01
-1.056108616999999938e+01
-1.054714774500000019e+01
-1.054976653499999983e+01
-1.056490992999999889e+01
-1.058293914000000058e+01
-1.059768485500000068e+01
-1.059797191000000005e+01
-1.059438371499999931e+01
-1.058267974500000008e+01
-1.056196974999999938e+01
-1.055573081500000043e+01
-1.056027507499999984e+01
-1.056235360500000020e+01
-1.056452750500000093e+01
-1.057521056999999942e+01
-1.058913039499999975e+01
-1.059556913000000122e+01
-1.058493566499999972e+01
-1.057784080000000060e+01
-1.057718562999999889e+01
-1.058521461000000130e+01
-1.058855914499999962e+01
-1.060101317999999893e+01
-1.060735511500000072e+01
-1.060370349000000090e+01
-1.059425973499999962e+01
-1.058648252500000098e+01
-1.059139012500000021e+01
-1.058850097000000012e+01
-1.057477473500000009e+01
-1.056652069000000083e+01
-1.056901215999999977e+01
-1.056510686000000021e+01
-1.057002257999999983e+01
-1.057532834499999908e+01
-1.058395575999999849e+01
-1.058684062500000067e+01
