-1.012870921600000074e+01
-9.998337172000001161e+00
-1.007734374600000038e+01
-1.008716086799999978e+01
-1.007150058200000053e+01
-1.005757674599999874e+01
-1.005250854199999999e+01
-1.006513652399999970e+01
-1.005204791599999936e+01
-1.005452212999999873e+01
-1.005940913799999947e+01
-1.009607047599999952e+01
-1.010213832599999861e+01
-1.013661155000000136e+01
-1.014312171599999957e+01
-1.014360751799999960e+01
-1.014988116800000029e+01
-1.017372741199999986e+01
-1.016894664199999987e+01
-1.017844047000000174e+01
-1.018724288600000172e+01
-1.018071689399999791e+01
-1.018687343000000034e+01
-1.016988734799999961e+01
-1.018336963199999978e+01
-1.013178176399999941e+01
-1.014485148800000047e+01
-1.016153544999999880e+01
-1.017871208000000038e+01
-1.020199527600000167e+01
-1.018879546600000019e+01
-1.020804252000000112e+01
-1.025885180999999946e+01
-1.028838195199999994e+01
-1.025619106000000080e+01
-1.021998786600000031e+01
-1.021086654399999993e+01
-1.024300898999999987e+01
-1.029463195399999975e+01
-1.029612483400000045e+01
-1.024878978199999935e+01
-1.022005118800000112e+01
-1.025193462000000011e+01
-1.030366553800000062e+01
-1.033683433200000046e+01
-1.030877685199999938e+01
-1.026470031199999866e+01
-1.026238383799999987e+01
-1.029806804200000059e+01
-1.031094721999999919e+01
-1.029570769799999930e+01
-1.026715907600000044e+01
-1.025191631000000037e+01
-1.028087081600000019e+01
-1.030550116999999943e+01
-1.030631541800000051e+01
-1.029500560199999981e+01
-1.030849513400000106e+01
-1.033091754399999829e+01
-1.034439525200000176e+01
-1.035917548600000160e+01
-1.034056911000000056e+01
-1.035027694199999893e+01
-1.036142749199999891e+01
-1.037250175000000141e+01
-1.037266387600000073e+01
-1.036809234200000063e+01
-1.037700423599999944e+01
-1.038572482600000058e+01
-1.043539981400000016e+01
-1.039924659400000095e+01
-1.040417899599999885e+01
-1.040025977400000023e+01
-1.039264125400000083e+01
-1.038279780799999941e+01
-1.036724223399999900e+01
-1.036728229199999873e+01
-1.037832488599999969e+01
-1.038801745800000020e+01
-1.037020225000000018e+01
-1.036925677800000223e+01
-1.030902156400000003e+01
-1.040148963600000087e+01
-1.041463717999999972e+01
-1.041153010799999912e+01
-1.039505404800000044e+01
-1.039203757800000005e+01
-1.040014648000000008e+01
-1.040609645199999989e+01
-1.040239371799999901e+01
-1.038111610200000001e+01
-1.036301231199999862e+01
-1.038140334600000081e+01
-1.041861113799999927e+01
-1.043392505199999931e+01
-1.043609447200000062e+01
-1.043315028800000022e+01
-1.043980426199999911e+01
-1.047931728000000007e+01
-1.051119632199999998e+01
-1.049358558399999986e+01
-1.044810981200000022e+01
-1.043155612600000026e+01
-1.043944358200000089e+01
-1.045978965399999971e+01
-1.048268775600000069e+01
-1.045943622199999901e+01
-1.043157519999999927e+01
-1.044851283599999903e+01
-1.047941112200000013e+01
-1.050104140799999897e+01
-1.055446986599999981e+01
-1.049838885799999844e+01
-1.049795913200000008e+01
-1.053418998199999912e+01
-1.055691394399999972e+01
-1.053357371999999970e+01
-1.050069884600000059e+01
-1.049033431800000038e+01
-1.049948215000000040e+01
-1.052916641000000020e+01
-1.054082107199999996e+01
-1.050968303000000148e+01
-1.048887805600000078e+01
-1.050554980999999977e+01
-1.054133128600000013e+01
-1.056161117200000099e+01
-1.060310725799999965e+01
-1.054094390600000075e+01
-1.053438243399999941e+01
-1.055436095800000018e+01
-1.057929744199999966e+01
-1.058587703400000102e+01
-1.058781604200000004e+01
-1.057046050599999987e+01
-1.054976043199999935e+01
-1.054652823999999889e+01
-1.055057715999999957e+01
-1.055487861199999955e+01
-1.057012233400000056e+01
-1.058346480999999883e+01
-1.057480773800000051e+01
-1.056565932800000063e+01
-1.057277755399999997e+01
-1.057804450399999929e+01
-1.059242782200000121e+01
-1.059503860000000053e+01
-1.058904933400000026e+01
-1.057751216399999805e+01
-1.057968368199999887e+01
-1.057470492999999934e+01
-1.056251544600000081e+01
-1.055942306200000047e+01
-1.055878772200000171e+01
-1.056225566200000188e+01
-1.057339419799999902e+01
-1.057590693999999942e+01
-1.056649894199999906e+01
-1.057873572799999984e+01
-1.061882362000000057e+01
-1.063052940000000035e+01
-1.062000655599999810e+01
-1.060144824400000019e+01
-1.058166656000000039e+01
-1.059469642200000017e+01
-1.064953345799999873e+01
-1.067273864199999878e+01
-1.063741645400000024e+01
-1.061299476199999958e+01
-1.059251441400000004e+01
-1.059629897599999993e+01
-1.061066436600000173e+01
-1.061150379000000044e+01
-1.059715251599999952e+01
-1.061550483399999933e+01
-1.064883917999999952e+01
-1.065863551600000037e+01
-1.065236930200000032e+01
-1.064907321400000129e+01
-1.065227965800000121e+01
-1.068078231400000000e+01
-1.070556983599999867e+01
-1.068471545400000089e+01
-1.065405673600000114e+01
-1.064183043800000128e+01
-1.065022754199999966e+01
-1.066896972199999993e+01
-1.068396510599999871e+01
-1.067105349799999914e+01
-1.075963038999999988e+01
-1.067125262799999952e+01
-1.072231044400000144e+01
-1.077055472799999869e+01
-1.080656642599999984e+01
-1.079729823800000155e+01
-1.072321624400000140e+01
-1.070514755000000129e+01
-1.072612876599999865e+01
-1.075523261799999908e+01
-1.076931018400000006e+01
-1.074220313799999893e+01
-1.068677768000000050e+01
-1.066251182199999903e+01
-1.068287257599999940e+01
-1.069627780399999928e+01
-1.071505813200000112e+01
-1.072215079799999948e+01
-1.071968440600000072e+01
-1.072393721999999983e+01
-1.072767829400000039e+01
-1.072343158199999991e+01
-1.071655234800000045e+01
-1.072545165600000061e+01
-1.072572135399999915e+01
-1.076096686800000057e+01
-1.071851577400000011e+01
-1.073213061600000096e+01
-1.077073688000000118e+01
-1.079861392399999964e+01
-1.078778819400000089e+01
-1.073897304200000136e+01
-1.072118587000000112e+01
-1.074803809800000032e+01
-1.081046523599999887e+01
-1.085478095600000081e+01
-1.083309993199999965e+01
-1.076650084999999990e+01
-1.072836017200000036e+01
-1.074391078399999877e+01
-1.077868766199999939e+01
-1.078574923999999768e+01
-1.077225475200000027e+01
-1.075071277199999997e+01
-1.074014281799999893e+01
-1.074905318800000131e+01
-1.075529193400000061e+01
-1.075277461599999995e+01
-1.074888724799999906e+01
-1.074575156600000092e+01
-1.075163173199999989e+01
-1.077394084399999841e+01
-1.079748649399999927e+01
-1.081263217400000087e+01
-1.081075896599999986e+01
-1.078675383999999937e+01
-1.075064334599999860e+01
-1.075081595799999867e+01
-1.078234385999999922e+01
-1.083474941000000058e+01
-1.086622332800000024e+01
-1.085202216399999919e+01
-1.079438571200000041e+01
-1.075729369600000140e+01
-1.077516383600000083e+01
-1.082742690399999930e+01
-1.087552623200000035e+01
-1.087796325400000086e+01
-1.082933234799999944e+01
-1.077878112399999999e+01
-1.076504001200000005e+01
-1.079347953199999921e+01
-1.083135356400000049e+01
-1.085127868200000023e+01
-1.080350302999999990e+01
-1.076388263399999978e+01
-1.077077636199999766e+01
-1.081483306199999994e+01
-1.085791530200000032e+01
-1.085517424999999925e+01
-1.081007289400000104e+01
-1.077064227400000007e+01
-1.077303561599999959e+01
-1.079892863800000136e+01
-1.082669543799999978e+01
-1.083744144000000098e+01
-1.082716082999999863e+01
-1.080523318799999899e+01
-1.079030494199999879e+01
-1.077867335800000070e+01
-1.078963450800000068e+01
-1.085541304999999923e+01
-1.091915664199999902e+01
-1.093811835999999893e+01
-1.089512252400000136e+01
-1.082841033399999908e+01
-1.081029624600000183e+01
-1.087363604999999822e+01
-1.094703139599999986e+01
-1.094602794200000062e+01
-1.086880206799999904e+01
-1.078778228199999845e+01
-1.077969817600000013e+01
-1.084032897400000195e+01
-1.089517306800000007e+01
-1.086927299000000069e+01
-1.080320186000000149e+01
-1.075883579000000090e+01
-1.077275046799999991e+01
-1.082563685999999947e+01
-1.084616736999999986e+01
-1.082657775400000055e+01
-1.079333247599999979e+01
-1.079669666000000028e+01
-1.079154281199999943e+01
-1.079519137800000017e+01
-1.081178664599999983e+01
-1.086266631799999871e+01
-1.093164176800000043e+01
-1.094351386599999998e+01
-1.089033488800000171e+01
-1.081250133200000008e+01
-1.083356932999999955e+01
-1.093132075800000180e+01
-1.102722834999999968e+01
-1.099457111199999915e+01
-1.089573726400000098e+01
-1.085650043000000053e+01
-1.086158713799999909e+01
-1.089999408199999920e+01
-1.095522708399999878e+01
-1.095214633400000004e+01
-1.089793433800000066e+01
-1.087373542399999948e+01
-1.086753539400000079e+01
-1.088024902199999921e+01
-1.092297114999999863e+01
-1.092545566000000079e+01
-1.085113200799999866e+01
-1.081266364600000074e+01
-1.080233459199999935e+01
-1.083010158400000122e+01
-1.087999152600000130e+01
-1.089817027600000010e+01
-1.090135402399999975e+01
-1.089202842199999921e+01
-1.087937469000000057e+01
-1.086837691800000094e+01
-1.091692676000000084e+01
-1.100545730400000011e+01
-1.096004199399999912e+01
-1.091637687399999912e+01
-1.085864314600000036e+01
-1.081125736000000082e+01
-1.080486201599999951e+01
-1.086457366600000185e+01
-1.089715461400000152e+01
-1.093120135799999915e+01
-1.092669124000000025e+01
-1.088857287799999973e+01
-1.089513950000000087e+01
-1.096041965200000057e+01
-1.102489165800000137e+01
-1.101027201999999861e+01
-1.096740932200000174e+01
-1.086921805800000129e+01
-1.086348495000000014e+01
-1.094778995000000066e+01
-1.095812510799999906e+01
-1.090776690799999926e+01
-1.083628158000000141e+01
-1.084805507000000091e+01
-1.087605895199999928e+01
-1.098346652400000067e+01
-1.100421847800000208e+01
-1.096207465400000203e+01
-1.093687858200000029e+01
-1.093018226200000065e+01
-1.093707427599999882e+01
-1.092540377999999990e+01
-1.091664084800000012e+01
-1.090356616599999917e+01
-1.094331988799999955e+01
-1.095560168799999801e+01
-1.091972083799999993e+01
-1.088389491799999931e+01
-1.091368770000000055e+01
-1.100256519000000210e+01
-1.108962611799999998e+01
-1.110462836800000197e+01
-1.100210914399999851e+01
-1.094809054799999970e+01
-1.095683936600000052e+01
-1.099739398600000051e+01
-1.100900878399999883e+01
-1.097090644399999881e+01
-1.082780913799999922e+01
-1.086226806199999828e+01
-1.089568480999999878e+01
-1.092916259400000101e+01
-1.095612601800000085e+01
-1.095053481599999934e+01
-1.092632369600000075e+01
-1.089331531000000020e+01
-1.092305221200000176e+01
-1.098140639799999896e+01
-1.109301509199999813e+01
-1.112447204199999895e+01
-1.105967903000000163e+01
-1.098706912399999958e+01
-1.099533976799999913e+01
-1.104403457200000105e+01
-1.111124248199999798e+01
-1.113672885399999934e+01
-1.105211753600000080e+01
-1.096180934400000062e+01
-1.094731311199999979e+01
-1.096523780200000076e+01
-1.099444999199999984e+01
-1.096407851799999911e+01
-1.094362468199999938e+01
-1.090851478200000102e+01
-1.090984725600000083e+01
-1.091099547800000025e+01
-1.089492473000000139e+01
-1.090269488799999920e+01
-1.092783679600000113e+01
-1.097021674600000019e+01
-1.096103915800000017e+01
-1.093666839399999979e+01
-1.093704032199999965e+01
-1.100423087600000116e+01
-1.108717536600000031e+01
-1.114104308799999998e+01
-1.104017276599999953e+01
-1.097085837799999908e+01
-1.098820476200000051e+01
-1.100405997999999919e+01
-1.114317130599999928e+01
-1.115782965999999909e+01
-1.105269851399999936e+01
-1.101156424999999928e+01
-1.101976642200000001e+01
-1.105295486200000177e+01
-1.107895316599999980e+01
-1.108425712200000035e+01
-1.106496867799999961e+01
-1.103482512799999959e+01
-1.101121310599999958e+01
-1.101310119399999898e+01
-1.102766169999999946e+01
-1.106301707599999951e+01
-1.105583152600000041e+01
-1.100306243599999867e+01
-1.095966071799999852e+01
-1.096689757799999931e+01
-1.102890071399999883e+01
-1.105234774999999914e+01
-1.103554915800000025e+01
-1.097209586800000025e+01
-1.094721526600000061e+01
-1.096104048999999847e+01
-1.102463340199999919e+01
-1.104524707200000044e+01
-1.102717094200000147e+01
-1.101952915000000033e+01
-1.102669963600000003e+01
-1.104847449599999898e+01
-1.103688411200000097e+01
-1.105115413400000079e+01
-1.107047957800000049e+01
-1.110988368399999970e+01
-1.112842349599999991e+01
-1.109395713399999828e+01
-1.101448135000000050e+01
-1.100586585400000139e+01
-1.108422145599999986e+01
-1.115636806200000031e+01
-1.109618109999999902e+01
-1.105170650200000004e+01
-1.104953021400000068e+01
-1.101538753200000009e+01
-1.105340919000000000e+01
-1.109510631000000025e+01
-1.105800246599999959e+01
-1.098366012199999986e+01
-1.093325156599999914e+01
-1.094964313200000205e+01
-1.100177230399999928e+01
-1.102038935999999936e+01
-1.098799914800000188e+01
-1.094967555399999881e+01
-1.094409332000000035e+01
-1.097658767200000085e+01
-1.101743583200000032e+01
-1.103223952599999969e+01
-1.104135989599999945e+01
-1.105849990399999960e+01
-1.107313632400000003e+01
-1.107213000800000202e+01
-1.106401443200000045e+01
-1.109482402200000095e+01
-1.113146819800000031e+01
-1.117727451000000016e+01
-1.116476439799999909e+01
-1.111512717799999983e+01
-1.105828628000000080e+01
-1.104522971799999986e+01
-1.109018516000000076e+01
-1.113186435199999913e+01
-1.115511741199999918e+01
-1.109781093199999802e+01
-1.105847434400000040e+01
-1.103613853199999895e+01
-1.107016887199999999e+01
-1.113931293200000106e+01
-1.114744243200000007e+01
-1.113558311000000067e+01
-1.105949782800000136e+01
-1.103638419800000037e+01
-1.107218245800000034e+01
-1.115302352400000174e+01
-1.117829646600000082e+01
-1.111098747000000131e+01
-1.106525344400000144e+01
-1.104838675799999947e+01
-1.113401126599999991e+01
-1.120390147599999864e+01
-1.121149520600000038e+01
-1.115932845599999901e+01
-1.110067157399999971e+01
-1.110683174000000051e+01
-1.113104228399999940e+01
-1.113986720799999830e+01
-1.109695357800000082e+01
-1.106825465600000236e+01
-1.105855407399999812e+01
-1.106063041400000024e+01
-1.105184973999999976e+01
-1.104621562600000217e+01
-1.107412376000000087e+01
-1.112348747000000060e+01
-1.118387584000000068e+01
-1.114384307200000102e+01
-1.107277278399999787e+01
-1.101616992599999989e+01
-1.106970080800000211e+01
-1.119562606399999893e+01
-1.126527099199999959e+01
-1.125772742799999904e+01
-1.121904906799999857e+01
-1.119324435800000117e+01
-1.126869029599999905e+01
-1.133062476599999968e+01
-1.130436705999999880e+01
-1.121661624400000079e+01
-1.113579368199999919e+01
-1.109930038200000091e+01
-1.112296447399999977e+01
-1.119107722800000104e+01
-1.113055972600000132e+01
-1.108030986199999823e+01
-1.110040893000000040e+01
-1.114809894000000057e+01
-1.121513938600000060e+01
-1.125797252199999932e+01
-1.122245864599999976e+01
-1.114325007799999945e+01
-1.119321631799999928e+01
-1.119171352000000041e+01
-1.114622420799999958e+01
-1.120559634800000026e+01
-1.123653030000000008e+01
-1.128118762400000108e+01
-1.130100268800000052e+01
-1.129381217599999943e+01
-1.125867785800000220e+01
-1.119412764800000026e+01
-1.116336002000000072e+01
-1.116698665200000029e+01
-1.118751964200000160e+01
-1.120977420400000035e+01
-1.122849978799999882e+01
-1.120941409199999939e+01
-1.118143577200000038e+01
-1.120522651200000119e+01
-1.126367606800000054e+01
-1.132344245399999849e+01
-1.133351821399999970e+01
-1.127919387400000062e+01
-1.123104915200000065e+01
-1.125593547400000105e+01
-1.131855621200000073e+01
-1.134997062200000073e+01
-1.132327956600000007e+01
-1.124049033399999864e+01
-1.126349639399999880e+01
-1.126022338399999967e+01
-1.133237742800000092e+01
-1.134704703800000125e+01
-1.130127219800000127e+01
-1.123948115800000025e+01
-1.121862048400000056e+01
-1.123400001199999920e+01
-1.123397597800000014e+01
-1.121367015200000061e+01
-1.121451034399999891e+01
-1.128220519600000138e+01
-1.128199176200000053e+01
-1.125847796799999934e+01
-1.123281325799999841e+01
-1.152346191199999836e+01
-1.131155185199999913e+01
-1.139294661799999986e+01
-1.139426307199999933e+01
-1.132953567000000206e+01
-1.128781451799999935e+01
-1.133037128199999799e+01
-1.140101432400000192e+01
-1.142144221800000103e+01
-1.135381030599999974e+01
-1.127757930399999964e+01
-1.126833934400000103e+01
-1.130241126800000018e+01
-1.134396495400000049e+01
-1.131699332999999896e+01
-1.125946940999999946e+01
-1.121900939600000058e+01
-1.120971221599999978e+01
-1.122398413999999889e+01
-1.122875423000000161e+01
-1.122914466199999950e+01
-1.122485103200000012e+01
-1.122121562599999933e+01
-1.122037505799999835e+01
-1.121934699600000052e+01
-1.123754768000000048e+01
-1.127802752999999925e+01
-1.131522483400000034e+01
-1.132286776800000005e+01
-1.130876769400000015e+01
-1.129335803399999882e+01
-1.129101695599999999e+01
-1.130893058199999857e+01
-1.133537311000000081e+01
-1.135476855799999996e+01
-1.136030940800000089e+01
-1.133865184400000103e+01
-1.131936587600000088e+01
-1.131221847199999964e+01
-1.134856376400000144e+01
-1.137884787999999858e+01
-1.137403430400000026e+01
-1.134256858200000018e+01
-1.131512431799999874e+01
-1.131139812199999994e+01
-1.134158859199999903e+01
-1.137723330799999921e+01
-1.139341983200000108e+01
-1.135331706400000051e+01
-1.132358207400000083e+01
-1.130137233199999969e+01
-1.132157325200000031e+01
-1.133495578399999815e+01
-1.135724582399999960e+01
-1.133213347799999937e+01
-1.129957389400000167e+01
-1.126932010200000001e+01
-1.126303500599999907e+01
-1.125901622200000141e+01
-1.126750201800000006e+01
-1.127817210599999953e+01
-1.128178080999999899e+01
-1.128794173800000067e+01
-1.126500548800000168e+01
-1.125896758600000069e+01
-1.128185557800000005e+01
-1.132691955000000128e+01
-1.136564674199999914e+01
-1.136051177600000095e+01
-1.133645209999999892e+01
-1.132127437400000147e+01
-1.135388888800000018e+01
-1.141089668000000046e+01
-1.144913253400000031e+01
-1.143043441399999871e+01
-1.136274623400000117e+01
-1.128784160000000014e+01
-1.140417041400000109e+01
-1.137427081399999906e+01
-1.138454723000000079e+01
-1.135522899399999908e+01
-1.129760894400000026e+01
-1.125958003599999913e+01
-1.125231513600000000e+01
-1.126908282800000016e+01
-1.129607047800000075e+01
-1.131347255200000035e+01
-1.131017913400000019e+01
-1.129467372399999725e+01
-1.127811660200000077e+01
-1.127860812800000012e+01
-1.131329058999999937e+01
-1.137143477999999952e+01
-1.138548850399999957e+01
-1.136730155799999942e+01
-1.129100150800000080e+01
-1.134040564999999923e+01
-1.138698253199999932e+01
-1.143712081199999986e+01
-1.144534873400000130e+01
-1.139567164800000043e+01
-1.133884620200000093e+01
-1.132218474800000152e+01
-1.133432921799999882e+01
-1.137046451000000147e+01
-1.137567767600000046e+01
-1.134060039000000053e+01
-1.129387759599999796e+01
-1.126354369599999927e+01
-1.126099414399999965e+01
-1.130217799600000106e+01
-1.136015090399999927e+01
-1.139410609599999979e+01
-1.137351245400000010e+01
-1.132526950399999954e+01
-1.129248084600000013e+01
-1.130742015600000094e+01
-1.135630969400000012e+01
-1.138429355399999920e+01
-1.136379050799999746e+01
-1.131688689799999992e+01
-1.129487075399999974e+01
-1.130990332800000076e+01
-1.135464076399999911e+01
-1.137990188200000041e+01
-1.137347411800000074e+01
-1.136276855000000019e+01
-1.133580283599999916e+01
-1.130601100400000192e+01
-1.130869845800000029e+01
-1.131193103200000039e+01
-1.131615333400000267e+01
-1.131461982200000094e+01
-1.134189147400000053e+01
-1.125282325200000066e+01
-1.127848090599999864e+01
-1.132615088799999903e+01
-1.135127486400000052e+01
-1.133001918600000124e+01
-1.127396334999999894e+01
-1.122816905600000048e+01
-1.124205875200000015e+01
-1.125842666200000153e+01
-1.124331645600000229e+01
-1.123320598200000120e+01
-1.118984603400000211e+01
-1.117725734400000093e+01
-1.120118369400000091e+01
-1.123314571000000051e+01
-1.123949107600000019e+01
-1.129113578200000134e+01
-1.133461360399999940e+01
-1.133921336599999918e+01
-1.134132422799999951e+01
-1.131582889199999897e+01
-1.131814498399999991e+01
-1.136266955800000034e+01
-1.138127440799999945e+01
-1.135146808400000040e+01
-1.132475680800000006e+01
-1.133309783400000192e+01
-1.132907466400000018e+01
-1.137958907800000041e+01
-1.140210036799999926e+01
-1.138693198799999884e+01
-1.136575679400000105e+01
-1.135628528199999998e+01
-1.133691272199999922e+01
-1.133152007400000016e+01
-1.132603301400000007e+01
-1.128968486199999965e+01
-1.126965427200000036e+01
-1.123147868599999910e+01
-1.118373451000000074e+01
-1.118107528400000028e+01
-1.123053188000000091e+01
-1.129596671600000057e+01
-1.136247023999999683e+01
-1.136172713799999912e+01
-1.129925689200000072e+01
-1.126053313999999972e+01
-1.129121474799999980e+01
-1.136073112000000052e+01
-1.140305213400000106e+01
-1.138818416199999817e+01
-1.129524020799999917e+01
-1.124717177999999862e+01
-1.129241808999999996e+01
-1.137509479000000034e+01
-1.143919791799999963e+01
-1.144827880400000097e+01
-1.139308452199999877e+01
-1.136354617599999983e+01
-1.141329154599999995e+01
-1.144944114000000113e+01
-1.145965899800000010e+01
-1.141816425000000024e+01
-1.133722209600000141e+01
-1.129177169200000108e+01
-1.133363227599999945e+01
-1.140981139799999866e+01
-1.145738772800000049e+01
-1.146667594600000051e+01
-1.139615745200000063e+01
-1.133771876999999861e+01
-1.134411620799999909e+01
-1.144774036199999934e+01
-1.154091739400000094e+01
-1.158449744799999870e+01
-1.153208751200000037e+01
-1.141575469400000031e+01
-1.135187968800000036e+01
-1.137175006200000027e+01
-1.144597911400000001e+01
-1.152073135000000192e+01
-1.155299548800000053e+01
-1.150018863000000024e+01
-1.145005416400000087e+01
-1.141135883000000106e+01
-1.142132033999999940e+01
-1.148063830999999979e+01
-1.153223514200000110e+01
-1.154469241800000034e+01
-1.150991439399999905e+01
-1.150044326399999761e+01
-1.151362933599999927e+01
-1.156607455600000023e+01
-1.159924869199999975e+01
-1.157181777799999978e+01
-1.150968360200000085e+01
-1.149203166599999903e+01
-1.154725131799999893e+01
-1.164501437600000067e+01
-1.170624656200000047e+01
-1.166526774800000155e+01
-1.162262000800000195e+01
-1.148481673799999925e+01
-1.154395503399999967e+01
-1.169469623200000186e+01
-1.181700248400000142e+01
-1.182021979800000011e+01
-1.170638675399999862e+01
-1.156989021000000051e+01
-1.149583453800000044e+01
-1.153727053999999974e+01
-1.164170684399999978e+01
-1.174045409799999895e+01
-1.172617167600000165e+01
-1.165788612000000057e+01
-1.155107726600000007e+01
-1.148828467999999958e+01
-1.150287131799999862e+01
-1.156465396200000129e+01
-1.160850696199999987e+01
-1.159690303200000017e+01
-1.155336169599999963e+01
-1.148934802600000005e+01
-1.147328452399999854e+01
-1.149493788999999921e+01
-1.152882117799999762e+01
-1.153176516999999990e+01
-1.151659278400000019e+01
-1.149940375999999986e+01
-1.154086627599999915e+01
-1.166691626800000137e+01
-1.178166598800000031e+01
-1.181396903599999959e+01
-1.172756938400000060e+01
-1.162243709200000197e+01
-1.162981147200000187e+01
-1.178482284200000052e+01
-1.195699996600000148e+01
-1.198981932999999955e+01
-1.183939513800000043e+01
-1.161882113999999966e+01
-1.151562995599999972e+01
-1.159291533999999935e+01
-1.173531417399999910e+01
-1.178897570999999900e+01
-1.170841750599999997e+01
-1.155246333599999886e+01
-1.144133643600000028e+01
-1.144594077600000048e+01
-1.150434455400000111e+01
-1.152296962200000152e+01
-1.149068469399999870e+01
-1.145445060399999981e+01
-1.143982677199999998e+01
-1.145788745599999991e+01
-1.147628001600000047e+01
-1.149684790999999962e+01
-1.151310176400000174e+01
-1.153057536599999899e+01
-1.153264026199999925e+01
-1.153766116600000124e+01
-1.157218207800000087e+01
-1.161421641800000160e+01
-1.166316261000000054e+01
-1.165012912399999934e+01
-1.160251941399999964e+01
-1.154784564600000074e+01
-1.155534171599999915e+01
-1.161940822400000073e+01
-1.174443950200000053e+01
-1.177322463399999819e+01
-1.166706924200000017e+01
-1.161673087600000009e+01
-1.157645435000000056e+01
-1.158341311999999945e+01
-1.162591495000000030e+01
-1.169179553599999899e+01
-1.171096267199999907e+01
-1.168702087000000134e+01
-1.164613933200000062e+01
-1.160646609799999851e+01
-1.159815921400000072e+01
-1.160762061600000017e+01
-1.162260226600000124e+01
-1.161801833600000045e+01
-1.161397227800000032e+01
-1.159617575999999950e+01
-1.155832843199999971e+01
-1.152005939000000012e+01
-1.148531245599999906e+01
-1.147263126000000177e+01
-1.146464595399999986e+01
-1.145844859600000021e+01
-1.146438388199999991e+01
-1.148955802600000098e+01
-1.151543521199999986e+01
-1.152383517800000057e+01
-1.150500487599999921e+01
-1.149110545799999983e+01
-1.152692813400000027e+01
-1.161477050400000088e+01
-1.169880141799999862e+01
-1.173887977400000082e+01
-1.172798155999999992e+01
-1.169833812199999912e+01
-1.170393084999999900e+01
-1.173701552800000059e+01
-1.174627341800000124e+01
-1.174171351999999935e+01
-1.175111178799999934e+01
-1.177618350599999886e+01
-1.179013995800000103e+01
-1.176785125199999982e+01
-1.170249022999999866e+01
-1.165167598199999865e+01
-1.162670993200000069e+01
-1.167108954800000120e+01
-1.172591132800000047e+01
-1.174419974799999977e+01
-1.171954516799999979e+01
-1.165569076000000059e+01
-1.159696406800000013e+01
-1.158675994600000081e+01
-1.166950034599999775e+01
-1.171363830199999967e+01
-1.174155310999999813e+01
-1.168245200600000011e+01
-1.163950557200000091e+01
-1.159202765999999940e+01
-1.155345515600000006e+01
-1.153871917200000041e+01
-1.154855479800000140e+01
-1.158611182600000156e+01
-1.162011584799999753e+01
-1.162370128200000075e+01
-1.159333495600000141e+01
-1.156024550799999950e+01
-1.156031779800000159e+01
-1.159680709599999915e+01
-1.165675105600000094e+01
-1.170769615000000030e+01
-1.174791965200000021e+01
-1.179611968599999905e+01
-1.184491748400000155e+01
-1.186676997800000066e+01
-1.186255397199999884e+01
-1.184935359600000027e+01
-1.184985446399999987e+01
-1.189391974800000007e+01
-1.195428542400000005e+01
-1.196895579799999965e+01
-1.192465152200000134e+01
-1.185161952600000035e+01
-1.182604083600000067e+01
-1.175580424800000046e+01
-1.170149478599999959e+01
-1.169674644200000024e+01
-1.172687968800000036e+01
-1.172964915799999908e+01
-1.167373332599999891e+01
-1.157981071000000028e+01
-1.150993499200000159e+01
-1.150484447000000010e+01
-1.152237815399999832e+01
-1.153835925599999968e+01
-1.152430057199999780e+01
