-2.702585391800000281e+01
-2.692498397399999632e+01
-2.617449015999999773e+01
-2.592313384600000248e+01
-2.541350917400000142e+01
-2.539129924199999877e+01
-2.503593577800000247e+01
-2.491901893000000001e+01
-2.478719367600000112e+01
-2.450688037400000141e+01
-2.458632449799999975e+01
-2.440162200600000375e+01
-2.447518844200000032e+01
-2.437482432799999899e+01
-2.421250018799999992e+01
-2.424902553200000099e+01
-2.406236571999999896e+01
-2.418606566999999785e+01
-2.412544593599999843e+01
-2.399744395799999808e+01
-2.406854877199999621e+01
-2.398354225000000284e+01
-2.391920661600000031e+01
-2.396251449200000394e+01
-2.388021430599999917e+01
-2.384047736799999839e+01
-2.383430557000000150e+01
-2.373845310000000097e+01
-2.384075049799999846e+01
-2.375227127000000138e+01
-2.377264900000000125e+01
-2.385482006000000155e+01
-2.367854213600000080e+01
-2.385595531399999913e+01
-2.369302005799999478e+01
-2.366750755199999645e+01
-2.378755474200000464e+01
-2.354328231599999910e+01
-2.380753250400000098e+01
-2.374207134199999913e+01
-2.350506534799999869e+01
-2.371097335800000039e+01
-2.345966586999999848e+01
-2.374841728399999852e+01
-2.372989997799999884e+01
-2.358378963400000217e+01
-2.376890564000000339e+01
-2.354313564399999947e+01
-2.359623584599999901e+01
-2.362162399200000351e+01
-2.351613426000000118e+01
-2.368574123200000159e+01
-2.361820106400000441e+01
-2.363272438199999925e+01
-2.364397163400000323e+01
-2.352477455200000378e+01
-2.352333469400000254e+01
-2.354115810399999731e+01
-2.362516326800000144e+01
-2.367476177200000009e+01
-2.367943095999999770e+01
-2.362941398600000298e+01
-2.358721408799999963e+01
-2.347702655799999860e+01
-2.352214183799999958e+01
-2.356996593400000251e+01
-2.355444240600000327e+01
-2.369568500400000133e+01
-2.355679760000000300e+01
-2.364409370599999960e+01
-2.357450943000000265e+01
-2.342609005000000266e+01
-2.357468433199999680e+01
-2.352882175399999909e+01
-2.352239112999999904e+01
-2.362235851199999814e+01
-2.345957374599999667e+01
-2.355059852600000170e+01
-2.358223324000000076e+01
-2.351190853000000303e+01
-2.359212894400000238e+01
-2.354660377600000487e+01
-2.357832984800000276e+01
-2.368335819200000003e+01
-2.360621662000000143e+01
-2.365922908800000002e+01
-2.374971847400000158e+01
-2.360804519399999890e+01
-2.367755165000000162e+01
-2.363547267999999946e+01
-2.359622707199999780e+01
-2.368741130800000150e+01
-2.359451675599999732e+01
-2.374638099399999902e+01
-2.378435458999999952e+01
-2.357950305800000024e+01
-2.370153236399999841e+01
-2.356326255999999475e+01
-2.368888397399999945e+01
-2.378260231200000163e+01
-2.363176956200000234e+01
-2.374212284000000039e+01
-2.361389789599999744e+01
-2.352526607400000103e+01
-2.361305656400000075e+01
-2.354486618199999981e+01
-2.366063575599999780e+01
-2.364957428199999967e+01
-2.358851413800000074e+01
-2.368041095599999935e+01
-2.360072498199999913e+01
-2.371180362600000180e+01
-2.367601890600000303e+01
-2.368253269200000233e+01
-2.376456851800000081e+01
-2.377986621800000222e+01
-2.371937542200000237e+01
-2.371606750400000152e+01
-2.368377151600000019e+01
-2.369112491799999631e+01
-2.377141513800000183e+01
-2.377511272599999614e+01
-2.380234222600000038e+01
-2.376085300200000106e+01
-2.375294666399999954e+01
-2.381133766399999985e+01
-2.378963050799999479e+01
-2.393186378600000097e+01
-2.382504310799999914e+01
-2.380772380799999866e+01
-2.392611217400000001e+01
-2.381688652200000078e+01
-2.387102165199999959e+01
-2.392311344199999823e+01
-2.382102489399999712e+01
-2.391866512200000017e+01
-2.389000224999999844e+01
-2.384020614400000326e+01
-2.394702796800000044e+01
-2.387259197200000216e+01
-2.395124626200000151e+01
-2.404096450799999829e+01
-2.393467407199999997e+01
-2.400631465800000086e+01
-2.397953758199999896e+01
-2.395090217599999960e+01
-2.408079642999999948e+01
-2.401407222599999969e+01
-2.407964267800000258e+01
-2.413035240199999976e+01
-2.397825717999999995e+01
-2.410252361399999899e+01
-2.398827610199999683e+01
-2.400116119199999787e+01
-2.410332584400000044e+01
-2.393799610199999606e+01
-2.414304580800000011e+01
-2.406085777000000192e+01
-2.395641422199999937e+01
-2.415720805999999854e+01
-2.387013416399999954e+01
-2.401847705600000182e+01
-2.403722877599999919e+01
-2.386389713199999818e+01
-2.410011482200000188e+01
-2.389626445799999743e+01
-2.393571052800000132e+01
-2.403433265999999691e+01
-2.382709312400000101e+01
-2.393614025199999773e+01
-2.387335796399999666e+01
-2.387569179399999797e+01
-2.402490596599999861e+01
-2.392751941800000282e+01
-2.393574810000000141e+01
-2.400291308999999984e+01
-2.395784148999999985e+01
-2.401438693799999413e+01
-2.407265701200000052e+01
-2.406746940600000073e+01
-2.415905685399999925e+01
-2.415933036599999895e+01
-2.413777999999999935e+01
-2.416046505000000266e+01
-2.408881568999999701e+01
-2.408845634199999708e+01
-2.413724823199999747e+01
-2.423888759600000142e+01
-2.422863197200000229e+01
-2.436760959600000120e+01
-2.427457446800000085e+01
-2.422605991600000053e+01
-2.424874858999999816e+01
-2.428070354399999786e+01
-2.432260837599999803e+01
-2.440759162799999871e+01
-2.433527622000000434e+01
-2.435485763400000181e+01
-2.439217300399999999e+01
-2.433344764599999976e+01
-2.430520858799999928e+01
-2.426730651799999805e+01
-2.432848530000000054e+01
-2.442629775799999692e+01
-2.438919162799999896e+01
-2.442770614599999845e+01
-2.441006870200000023e+01
-2.441319999800000318e+01
-2.444119815799999884e+01
-2.436761913200000151e+01
-2.444473457400000171e+01
-2.448780307799999889e+01
-2.441942939799999834e+01
-2.459732589799999758e+01
-2.460121250000000259e+01
-2.437343082400000327e+01
-2.450569515400000142e+01
-2.425878085999999811e+01
-2.443905754200000047e+01
-2.452134094200000192e+01
-2.434683781000000025e+01
-2.463411216799999437e+01
-2.437332839799999817e+01
-2.427014846600000197e+01
-2.439817829000000060e+01
-2.421326160199999933e+01
-2.442317142400000307e+01
-2.438905868600000204e+01
-2.434979839600000062e+01
-2.448658904999999919e+01
-2.426039085400000062e+01
-2.428752842000000101e+01
-2.429898853200000275e+01
-2.434240722399999868e+01
-2.445396423599999736e+01
-2.446424789400000321e+01
-2.450264740000000074e+01
-2.447761764599999879e+01
-2.446290054600000019e+01
-2.449755249000000035e+01
-2.456986045600000423e+01
-2.460877113400000127e+01
-2.460150413399999891e+01
-2.467397994800000305e+01
-2.471778640400000171e+01
-2.466787758000000252e+01
-2.464074935800000077e+01
-2.463195419400000219e+01
-2.469827728199999939e+01
-2.471167488000000390e+01
-2.467004318399999718e+01
-2.477020263600000050e+01
-2.480285492000000147e+01
-2.472778091400000022e+01
-2.470825729399999915e+01
-2.466740607999999924e+01
-2.471045112599999882e+01
-2.475010566800000333e+01
-2.468864173799999762e+01
-2.482648544199999918e+01
-2.478015594600000071e+01
-2.476833190999999701e+01
-2.483236312799999723e+01
-2.466186866800000388e+01
-2.477430305400000066e+01
-2.475949020400000222e+01
-2.477329139599999763e+01
-2.502283515999999963e+01
-2.488532409800000167e+01
-2.491337852400000230e+01
-2.502245101799999816e+01
-2.479156608400000295e+01
-2.491134033199999820e+01
-2.488338432200000128e+01
-2.483682708799999972e+01
-2.517255630400000399e+01
-2.499380187999999947e+01
-2.485536995000000005e+01
-2.506072082600000073e+01
-2.470016326999999734e+01
-2.484794654799999947e+01
-2.586373481800000107e+01
-2.523514251599999980e+01
-2.538241271800000121e+01
-2.512657966400000120e+01
-2.496597175800000201e+01
-2.506429443600000084e+01
-2.479852104199999729e+01
-2.497336501999999925e+01
-2.491187095400000118e+01
-2.496885833799999688e+01
-2.509399643000000069e+01
-2.484383735799999826e+01
-2.499573287999999849e+01
-2.497873153799999812e+01
-2.498862686000000011e+01
-2.511169662400000036e+01
-2.499012603800000321e+01
-2.519097328000000147e+01
-2.519919891600000028e+01
-2.513217468200000226e+01
-2.532621307399999822e+01
-2.540546074000000232e+01
-2.532670326199999522e+01
-2.533084106399999769e+01
-2.535712089399999769e+01
-2.539739951999999690e+01
-2.546373443800000302e+01
-2.543804245199999770e+01
-2.548061675799999648e+01
-2.560087165799999909e+01
-2.537501258800000059e+01
-2.532912025399999578e+01
-2.537112426800000264e+01
-2.537557602000000045e+01
-2.536397781199999812e+01
-2.542907448000000414e+01
-2.538040923999999876e+01
-2.527551612999999975e+01
-2.526325187799999838e+01
-2.547366905399999837e+01
-2.499080353000000088e+01
-2.505347480799999715e+01
-2.498535614199999699e+01
-2.498318519600000087e+01
-2.500189743199999981e+01
-2.499635200199999829e+01
-2.672654952999999978e+01
-2.682895240599999553e+01
-2.684651641800000021e+01
-3.628200950000000091e+01
-3.520563085999999942e+01
-3.539571608199999986e+01
-3.634151189999999332e+01
-3.581180304800000158e+01
-3.755431631399999759e+01
-3.720197524599999639e+01
-3.594094847800000281e+01
-3.751191176999999755e+01
-3.631325681799999927e+01
-3.538832321200000308e+01
-3.606933555199999830e+01
-3.726727789000000257e+01
-3.586500853799999788e+01
-3.646342390599999561e+01
-3.647208517200000699e+01
-3.533687934399999619e+01
-4.000860520199999826e+01
-3.665519712999999768e+01
-3.820166586999999936e+01
-3.602897604000000342e+01
-3.618395650999999447e+01
-3.644781455999999764e+01
-3.702678183799999800e+01
-3.717167547399999705e+01
-3.804973601199999678e+01
-3.629225806999999548e+01
-4.089116401799999778e+01
-3.674156988400000046e+01
-3.701764030200000377e+01
-3.609952239599999757e+01
-3.580838470599999823e+01
-3.676342238200000168e+01
-3.770490721800000244e+01
-3.661922606599999597e+01
-3.759701842399999805e+01
-3.579531249400000092e+01
-3.584498900999999194e+01
-3.727158774000000818e+01
-3.579299353000000394e+01
-3.822972639599999667e+01
-3.611582527000000198e+01
-3.608644293999999775e+01
-3.623837545400000693e+01
-3.700488470399999841e+01
-3.567175827199999816e+01
-3.809330061400000034e+01
-3.751932143800000574e+01
-3.701675337799999710e+01
-3.668219604200000106e+01
-3.669247894000000088e+01
-3.600297544999999388e+01
-3.890700682999999316e+01
-3.703286247199999792e+01
-3.699666288999999608e+01
-3.653064192200000093e+01
-3.628888700799999611e+01
-3.653383102199999399e+01
-3.740348013599999888e+01
-3.633798865600000738e+01
-3.774734687400000155e+01
-3.752279662000000116e+01
-3.639231527399999777e+01
-3.818365325399999932e+01
-3.673286207799999659e+01
-3.624097174599999960e+01
-3.670432394600000237e+01
-3.940396842399999855e+01
-3.636499328399999342e+01
-3.737156562400000581e+01
-3.654337577200000453e+01
-4.149398535800000332e+01
-3.752231216199999864e+01
-3.656877440599999574e+01
-3.704212759400000721e+01
-3.810640791200000166e+01
-3.753978881200000473e+01
-3.805669021199999236e+01
-3.681757163999999705e+01
-3.583960799200000480e+01
-3.630898818400000039e+01
-3.730204389999999393e+01
-3.664380225600000074e+01
-3.660749014399999623e+01
-3.617205352199999879e+01
-3.704434469799998908e+01
-3.854530638800000020e+01
-3.664669646599999453e+01
-3.666180229199999729e+01
-3.716958158999999284e+01
-3.557422828400000014e+01
-3.783806837199999507e+01
-3.657874144599999511e+01
-3.799409940799999674e+01
-3.715805089999999922e+01
-3.688494491000000863e+01
-3.626906965599999921e+01
-3.676311378199999780e+01
-3.791343040200000303e+01
-3.771462554600000061e+01
-3.715109098599999982e+01
-3.640376700800000265e+01
-3.572660788599999648e+01
-3.579736480399999721e+01
-4.018025971400000174e+01
-3.804675102199999515e+01
-3.810157926600000167e+01
-3.648343200800000119e+01
-3.743770903400000094e+01
-3.594698638399999879e+01
-3.690603637200000264e+01
-3.768727949600000215e+01
-3.815461540200000456e+01
-3.683799475600000051e+01
-3.648435173000000020e+01
-3.804394797800000561e+01
-3.792650031000000155e+01
-3.648765487200000024e+01
-3.634696004999999985e+01
-3.680851363000000731e+01
-3.592009161199999312e+01
-3.637395742999999726e+01
-3.697318265999999909e+01
-3.692911834400000259e+01
-3.812343442999999610e+01
-3.674446220400000840e+01
-3.743257903400000686e+01
-3.974963875000000257e+01
-3.599224929000000373e+01
-3.885723991000000410e+01
-3.689400786200000226e+01
-3.704281501800000598e+01
-3.608235015199999651e+01
-3.658051299200000983e+01
-3.695096472000000176e+01
-3.625709379599999949e+01
-3.930755347600000249e+01
-3.801054534200000035e+01
-3.715319327400000304e+01
-3.826640508999999923e+01
-3.932211837799999898e+01
-3.948100357200000587e+01
-3.696783941799999695e+01
-3.772711676399999448e+01
-3.943007049599999903e+01
-3.785145300000000645e+01
-3.768491134199999237e+01
-3.914999503599999287e+01
-3.862605780000000522e+01
-3.934577217400000393e+01
-3.957138671199999891e+01
-3.858436622400000005e+01
-3.796963958399999939e+01
-3.937564965199999989e+01
-3.734233206999999766e+01
-3.841853293600000541e+01
-3.933347892400000489e+01
-3.902122152599999794e+01
-3.874404295600000125e+01
-3.831247061999999914e+01
-3.855954894399999944e+01
-3.856686743199999512e+01
-3.692353973200000894e+01
-3.730597915399999920e+01
-3.719972572400000388e+01
-3.790912856599999969e+01
-3.822127378799999775e+01
-3.808000334599999803e+01
-3.792776030800000342e+01
-3.811718444199999567e+01
-3.910695952599999714e+01
-3.839996412800000058e+01
-3.863453519800000180e+01
-3.811534652599999617e+01
-3.784607161200000292e+01
-3.903519781399999999e+01
-4.024839096000000183e+01
-3.758601301800000272e+01
-3.822086599800000783e+01
-3.851728628999999415e+01
-3.881127472000000012e+01
-3.768870924799999500e+01
-3.745564002599999753e+01
-3.767676313799999832e+01
-4.071863632199999472e+01
-3.782573089200000283e+01
-3.909117659600000394e+01
-3.737053412200000224e+01
-3.748992462399999681e+01
-3.945672797199999593e+01
-3.806155623799999432e+01
-3.849493787999999483e+01
-3.815766944599999988e+01
-3.934120024999999998e+01
-4.038834914600000303e+01
-4.000217094399999951e+01
-3.749890326999999957e+01
-3.804157484600000316e+01
-3.897999838199999800e+01
-3.972699814799999274e+01
-3.766331937600000401e+01
-3.914836920800000541e+01
-3.716847190000000012e+01
-3.830117033200000520e+01
-3.920169562599999580e+01
-3.759291381800000664e+01
-3.970156210599999724e+01
-3.784590415000000263e+01
-3.890899504799999420e+01
-3.727342871800000523e+01
-3.750110472200000089e+01
-3.889070548799999472e+01
-3.782511176600000624e+01
-3.803158073400000205e+01
-3.919573667600000277e+01
-3.908345792999999446e+01
-3.962892034799999408e+01
-3.811689567399999845e+01
-3.767857931799999704e+01
-3.809503477799999871e+01
-4.000166663599999595e+01
-3.872525558400000278e+01
-3.944551924999999670e+01
-3.793574904599999797e+01
-3.911689147799999944e+01
-3.918901175799999947e+01
-4.013927536799999984e+01
-3.797170637199999277e+01
-4.011295967000000218e+01
-3.859297790199999412e+01
-3.716116981000000408e+01
-3.830886305399999969e+01
-4.078338547599999941e+01
-4.108886222999999660e+01
-3.973996619800000474e+01
-3.862223432599999740e+01
-3.745465200799999650e+01
-3.861078681800000822e+01
-3.857975042400000376e+01
-3.854114531800000520e+01
-3.818763426599999633e+01
-4.101818504399999199e+01
-3.831187666199999597e+01
-3.444228134000000097e+01
-3.341552810800000373e+01
-2.647235717799999932e+01
-2.065511131600000283e+01
-2.059966011200000224e+01
-2.085375823999999767e+01
-2.081506004399999910e+01
-2.070466537400000107e+01
-2.090000762999999750e+01
-2.070927162199999927e+01
-2.080330428999999981e+01
-2.086923026999999919e+01
-2.077437362399999898e+01
-2.094231262000000271e+01
-2.080389709599999648e+01
-2.075575752199999968e+01
-2.082079124399999870e+01
-2.068980789199999748e+01
-2.073164596799999870e+01
-2.067632522599999945e+01
-2.067881279000000205e+01
-2.068022842399999917e+01
-2.061789016600000224e+01
-2.067639999400000050e+01
-2.065647735600000345e+01
-2.070702858000000290e+01
-2.074990730400000061e+01
-2.101434135599999919e+01
-2.078837966799999748e+01
-2.083648605199999793e+01
-2.082139663599999935e+01
-2.086675224200000400e+01
-2.094112472799999836e+01
-2.092424507199999795e+01
-2.096365699800000115e+01
-2.092133178599999965e+01
-2.088787002400000148e+01
-2.096972198600000326e+01
-2.089302444399999814e+01
-2.086834296999999694e+01
-2.089348907399999788e+01
-2.083018951400000063e+01
-2.083526572999999615e+01
-2.083458404400000319e+01
-2.083488502399999831e+01
-2.085371551600000117e+01
-2.088823089600000316e+01
-2.088404731600000019e+01
-2.088797034999999980e+01
-2.096187667799999943e+01
-2.096793747000000252e+01
-2.107559471000000073e+01
-2.117858886799999851e+01
-2.118478317199999950e+01
-2.126923523200000332e+01
-2.124156112600000057e+01
-2.123225097599999600e+01
-2.126622238199999870e+01
-2.126022720200000293e+01
-2.132084236400000421e+01
-2.131791992200000152e+01
-2.131139869599999770e+01
-2.129030723600000030e+01
-2.120797500600000163e+01
-2.119353637799999746e+01
-2.120095481800000314e+01
-2.118273620599999774e+01
-2.120015945400000135e+01
-2.121393089200000048e+01
-2.118931198199999955e+01
-2.132765922799999814e+01
-2.132223891999999665e+01
-2.135829277200000220e+01
-2.155987701400000134e+01
-2.142847633399999907e+01
-2.149877815400000003e+01
-2.161365242000000109e+01
-2.161353912399999544e+01
-2.191218299800000224e+01
-2.187064819200000088e+01
-2.186206741399999842e+01
-2.193629569799999857e+01
-2.175656051600000040e+01
-2.175730133200000083e+01
-2.178938102400000076e+01
-2.178855781600000086e+01
-2.186992988800000148e+01
-2.179042587200000014e+01
-2.167297134400000047e+01
-2.158542938400000111e+01
-2.149176063400000203e+01
-2.144471397200000240e+01
-2.145290641600000114e+01
-2.145689773799999855e+01
-2.144555168000000123e+01
-2.143569946199999876e+01
-2.147277793800000012e+01
-2.152875137400000227e+01
-2.145257797200000027e+01
-2.148486137399999762e+01
-2.152670287999999843e+01
-2.154553718600000067e+01
-2.161884536800000234e+01
-2.157069664199999792e+01
-2.181007805000000133e+01
-2.188054809399999812e+01
-2.167399864199999726e+01
-2.162391357599999964e+01
-2.160103874199999652e+01
-2.158150939799999790e+01
-2.167226143199999910e+01
-2.160765342600000238e+01
-2.162509193600000046e+01
-2.167354049600000110e+01
-2.155060424799999907e+01
-2.149961433400000033e+01
-2.151064338799999831e+01
-2.152332039199999869e+01
-2.155279884400000157e+01
-2.155873222399999989e+01
-2.156203193800000406e+01
-2.162061500600000130e+01
-2.165562133799999955e+01
-2.166275634799999850e+01
-2.170498390200000216e+01
-2.172349700999999911e+01
-2.168265113799999710e+01
-2.174576530599999913e+01
-2.170825996399999980e+01
-2.175001830999999441e+01
-2.180544204599999603e+01
-2.173277282600000149e+01
-2.181128349200000116e+01
-2.180343589800000004e+01
-2.168514137400000052e+01
-2.178492393599999488e+01
-2.175649910199999937e+01
-2.174241371400000133e+01
-2.180016403199999786e+01
-2.177177353199999743e+01
-2.200582046399999925e+01
-2.213711509599999872e+01
-2.193310813999999809e+01
-2.205963669000000138e+01
-2.195145721200000111e+01
-2.188429908799999879e+01
-2.198530540600000194e+01
-2.199714927800000197e+01
-2.233813056999999702e+01
-2.228083915600000253e+01
-2.204975585999999765e+01
-2.207935295000000053e+01
-2.197431335600000324e+01
-2.198764419400000492e+01
-2.200936927600000104e+01
-2.198340759399999911e+01
-2.210644302399999717e+01
-2.195495071399999887e+01
-2.188708839600000289e+01
-2.202844047600000366e+01
-2.203667602600000208e+01
-2.191769790800000095e+01
-2.194000358799999972e+01
-2.193575248799999855e+01
-2.210633468799999690e+01
-2.214491615400000057e+01
-2.222413406400000113e+01
-2.247540588600000078e+01
-2.229334678800000091e+01
-2.216951904399999762e+01
-2.215969085600000099e+01
-2.211352043000000123e+01
-2.229510002200000329e+01
-2.233924255200000175e+01
-2.239815444999999983e+01
-2.258650283800000125e+01
-2.234891510199999942e+01
-2.220268592600000090e+01
-2.216239089999999834e+01
-2.216348380800000228e+01
-2.230991058400000071e+01
-2.231961631600000118e+01
-2.228705139200000218e+01
-2.224518775800000014e+01
-2.213509445199999703e+01
-2.204640732000000014e+01
-2.206627769400000005e+01
-2.215748062399999796e+01
-2.209892959400000478e+01
-2.214407501200000183e+01
-2.215269393799999520e+01
-2.217684135600000062e+01
-2.225586967600000321e+01
-2.227021904000000063e+01
-2.224794464000000360e+01
-2.214995880000000028e+01
-2.204135131800000025e+01
-2.207438316400000033e+01
-2.212465095599999998e+01
-2.216337013400000089e+01
-2.202388038600000186e+01
-2.201016082800000007e+01
-2.210313377399999979e+01
-2.213319930999999841e+01
-2.206923370400000195e+01
-2.208762855399999836e+01
-2.212458076400000095e+01
-2.215777092000000081e+01
-2.216086425799999660e+01
-2.218078193599999892e+01
-2.229534110999999896e+01
-2.242352142200000031e+01
-2.226646995799999829e+01
-2.230370826600000100e+01
-2.233523521600000095e+01
-2.233597984400000058e+01
-2.249959297199999853e+01
-2.253112067999999724e+01
-2.257184638999999748e+01
-2.264347381400000003e+01
-2.257650794999999988e+01
-2.265012931599999746e+01
-2.248067436199999847e+01
-2.238492622400000087e+01
-2.253156394999999890e+01
-2.253320541400000110e+01
-2.250823936799999814e+01
-2.248318710000000209e+01
-2.247555732800000072e+01
-2.286491813600000000e+01
-2.266044425799999473e+01
-2.256472244400000093e+01
-2.270529708800000179e+01
-2.268227920800000064e+01
-2.288863601599999953e+01
-2.293805198400000478e+01
-2.296883354399999888e+01
-2.335842552400000471e+01
-2.306846732999999716e+01
-2.289506149399999657e+01
-2.295309333799999862e+01
-2.292687873800000276e+01
-2.315383987399999910e+01
-2.323053779800000029e+01
-2.314359321600000285e+01
-2.315960464600000179e+01
-2.302101898200000107e+01
-2.288236618200000194e+01
-2.288121910199999931e+01
-2.284210777399999870e+01
-2.283786430199999984e+01
-2.303670234799999861e+01
-2.292881851199999943e+01
-2.279931717000000191e+01
-2.273121490599999817e+01
-2.280824394400000088e+01
-2.288716011200000011e+01
-2.275983848599999959e+01
-2.271684684599999926e+01
-2.280467529199999888e+01
-2.285768966600000240e+01
-2.299997558400000131e+01
-2.286576003999999784e+01
-2.300232658200000202e+01
-2.308097419599999967e+01
-2.289370002800000137e+01
-2.286541061400000174e+01
-2.286237678599999867e+01
-2.298978462200000195e+01
-2.317066421399999854e+01
-2.294524574200000444e+01
-2.297307777599999667e+01
-2.299732513599999706e+01
-2.299496764999999954e+01
-2.291988411000000170e+01
-2.291259880000000138e+01
-2.299237022399999830e+01
-2.302739639199999999e+01
-2.296886062600000145e+01
-2.289467658999999955e+01
-2.284768142600000118e+01
-2.286313972600000355e+01
-2.283966750999999817e+01
-2.289603614600000014e+01
-2.288693733400000241e+01
-2.281601486200000295e+01
-2.283580475000000121e+01
-2.282298545799999800e+01
-2.283865814199999988e+01
-2.283388786400000114e+01
-2.289006385600000115e+01
-2.316216659799999888e+01
-2.307391738800000169e+01
-2.304130630400000257e+01
-2.320925674599999766e+01
-2.316306877200000258e+01
-2.326972427200000126e+01
-2.326325187799999838e+01
-2.318656997800000141e+01
-2.361722374000000357e+01
-2.336634597800000535e+01
-2.324050941600000186e+01
-2.340507354799999717e+01
-2.318288307199999920e+01
-2.332621078400000059e+01
-2.330933265600000226e+01
-2.320201873799999959e+01
-2.343470763999999917e+01
-2.317365912999999722e+01
-2.304953613400000023e+01
-2.309754218999999864e+01
-2.301360320999999942e+01
-2.304669151199999888e+01
-2.302245216200000044e+01
-2.303043136400000179e+01
-2.302044601600000107e+01
-2.296088027800000120e+01
-2.294387245199999725e+01
-2.296357727000000182e+01
-2.299764480600000383e+01
-2.302064514199999934e+01
-2.301796569800000114e+01
-2.306823997400000081e+01
-2.311396827600000137e+01
-2.312675438000000128e+01
-2.316444091800000038e+01
-2.323543968000000248e+01
-2.317013511600000086e+01
-2.325321235599999881e+01
-2.327290344000000033e+01
-2.337368354799999892e+01
-2.357733306799999795e+01
-2.358744430600000186e+01
-2.362646026800000243e+01
-2.363594856199999938e+01
-2.354868850600000130e+01
-2.358889312800000226e+01
-2.373571891599999972e+01
-2.385566253600000053e+01
-2.395003127999999748e+01
-2.401681174999999868e+01
-2.389634895200000031e+01
-2.382932701200000025e+01
-2.372133827199999700e+01
-2.369730033999999819e+01
-2.382620392000000109e+01
-2.384394225999999861e+01
-2.387371101200000112e+01
-2.376933899000000139e+01
-2.357927742000000038e+01
-2.356810760799999827e+01
-2.345890999000000221e+01
-2.343745575000000159e+01
-2.348195610199999805e+01
-2.346949348600000462e+01
-2.355689239400000190e+01
-2.361041107199999800e+01
-2.341918525799999884e+01
-2.348922424199999881e+01
-2.359904022200000284e+01
-2.348653145200000125e+01
-2.355793686000000164e+01
-2.362041854799999641e+01
-2.365839156999999915e+01
-2.397051315400000249e+01
-2.370422859000000315e+01
-2.367380065799999755e+01
-2.375677680799999791e+01
-2.360670585600000138e+01
-2.362185821399999952e+01
-2.363909034799999986e+01
-2.365007362399999735e+01
-2.379204101600000243e+01
-2.368368988200000302e+01
-2.367295265199999932e+01
-2.355861511399999841e+01
-2.355940589999999801e+01
-2.357609634199999959e+01
-2.356232414400000152e+01
-2.366900901999999718e+01
-2.364974365200000150e+01
-2.371491355999999939e+01
-2.393834876999999750e+01
-2.370908928000000060e+01
-2.372432251199999698e+01
-2.380892715399999915e+01
-2.379983864000000082e+01
-2.387190323000000447e+01
-2.383364143400000046e+01
-2.379488487200000080e+01
-2.397916717200000036e+01
-2.383110656799999916e+01
-2.365169983000000187e+01
-2.368738784799999664e+01
-2.385795974799999541e+01
-2.386135673400000101e+01
-2.386728362999999931e+01
-2.375552826000000195e+01
-2.374616966399999995e+01
-2.389733314600000114e+01
-2.394955329999999805e+01
-2.390189628599999949e+01
-2.419257430800000108e+01
-2.412563057000000200e+01
-2.419106368799999629e+01
-2.414693260400000341e+01
-2.402025680599999902e+01
-2.431812553399999999e+01
-2.448366127000000247e+01
-2.436691207800000214e+01
-2.450606574799999748e+01
-2.427304840200000058e+01
-2.434755134600000304e+01
-2.417496948400000178e+01
-2.398625984200000261e+01
-2.417351188399999984e+01
-2.414661331199999950e+01
-2.408544502400000198e+01
-2.422361907999999886e+01
-2.399586753800000238e+01
-2.396788635200000073e+01
-2.388374328800000157e+01
-2.376911926200000025e+01
-2.382857894799999698e+01
-2.376218300000000028e+01
-2.384451980600000098e+01
-2.415230102599999640e+01
